# frame 0 good=1
1.00000000 0.00000000 0.00000000 0.00000000
0.00000000 1.00000000 0.00000000 0.00000000
0.00000000 0.00000000 1.00000000 0.00000000
0.00000000 0.00000000 0.00000000 1.00000000
# frame 1 good=1
0.49087429 0.36771597 -0.78982744 0.50684878
-0.84140679 0.43525724 -0.32029011 -0.29854434
0.22600232 0.82178835 0.52305530 0.51021877
0.00000000 0.00000000 0.00000000 1.00000000
# frame 2 good=1
0.48809373 0.37129728 -0.78987521 0.50757497
-0.84261853 0.43636390 -0.31556389 -0.29749119
0.22750501 0.81958824 0.52584845 0.51011030
0.00000000 0.00000000 0.00000000 1.00000000
# frame 3 good=1
0.48508921 0.37662988 -0.78920111 0.50755523
-0.84505955 0.43397122 -0.31231930 -0.29827455
0.22486179 0.81842466 0.52878943 0.50999492
0.00000000 0.00000000 0.00000000 1.00000000
# frame 4 good=1
0.48317677 0.37860957 -0.78942701 0.50807803
-0.84578602 0.43484616 -0.30911944 -0.29907774
0.22624373 0.81704566 0.53033024 0.50967533
0.00000000 0.00000000 0.00000000 1.00000000
# frame 5 good=1
0.48261155 0.37069350 -0.79351901 0.50878477
-0.84443890 0.43734792 -0.30927291 -0.29935423
0.23239843 0.81933700 0.52409718 0.51052113
0.00000000 0.00000000 0.00000000 1.00000000
# frame 6 good=1
0.48406698 0.37072690 -0.79261638 0.50922636
-0.84274700 0.44129666 -0.30827706 -0.30052769
0.23549236 0.81720183 0.52604612 0.51028079
0.00000000 0.00000000 0.00000000 1.00000000
# frame 7 good=1
0.48682510 0.36596861 -0.79313826 0.50976197
-0.83976400 0.44599435 -0.30965379 -0.30047453
0.24041161 0.81679619 0.52444851 0.51098577
0.00000000 0.00000000 0.00000000 1.00000000
# frame 8 good=1
0.48915953 0.36721878 -0.79112156 0.51015046
-0.83633725 0.45488750 -0.30596954 -0.30246558
0.24751354 0.81131235 0.52963130 0.51042808
0.00000000 0.00000000 0.00000000 1.00000000
# frame 9 good=1
0.49132830 0.36510846 -0.79075427 0.51012291
-0.83508653 0.45540617 -0.30860282 -0.30211806
0.24744087 0.81197354 0.52865109 0.51042860
0.00000000 0.00000000 0.00000000 1.00000000
# frame 10 good=1
0.49328762 0.36545279 -0.78937417 0.51047441
-0.83387954 0.45698499 -0.30953130 -0.30233128
0.24761307 0.81093093 0.53016864 0.51049409
0.00000000 0.00000000 0.00000000 1.00000000
# frame 11 good=1
0.49347038 0.36333420 -0.79023746 0.51105177
-0.83308662 0.45850639 -0.30941652 -0.30288285
0.24990732 0.81102414 0.52894818 0.51120256
0.00000000 0.00000000 0.00000000 1.00000000
# frame 12 good=1
0.49729680 0.36015570 -0.78929321 0.51168470
-0.83140524 0.45780091 -0.31493436 -0.30176889
0.24791375 0.81283836 0.52709826 0.51151786
0.00000000 0.00000000 0.00000000 1.00000000
# frame 13 good=1
0.50058579 0.35869248 -0.78787916 0.51067049
-0.82992679 0.45772839 -0.31891416 -0.30139697
0.24624255 0.81352592 0.52682083 0.51135597
0.00000000 0.00000000 0.00000000 1.00000000
# frame 14 good=1
0.50692161 0.35484591 -0.78556659 0.50929139
-0.82658930 0.45860529 -0.32623812 -0.29996015
0.24450073 0.81471809 0.52578877 0.51057153
0.00000000 0.00000000 0.00000000 1.00000000
# frame 15 good=1
0.50851916 0.35221761 -0.78571688 0.50884026
-0.82599109 0.45727885 -0.32959789 -0.29944056
0.24320153 0.81660199 0.52346367 0.51117477
0.00000000 0.00000000 0.00000000 1.00000000
# frame 16 good=1
0.50669606 0.35576631 -0.78529576 0.50785841
-0.82875578 0.45197071 -0.32997929 -0.29706673
0.23753517 0.81801761 0.52385517 0.51322050
0.00000000 0.00000000 0.00000000 1.00000000
# frame 17 good=1
0.50758913 0.35784731 -0.78377202 0.50725405
-0.82847624 0.45251472 -0.32993568 -0.29607484
0.23660178 0.81680826 0.52615954 0.51266031
0.00000000 0.00000000 0.00000000 1.00000000
# frame 18 good=1
0.51006387 0.35916392 -0.78156006 0.50640921
-0.82702912 0.45445897 -0.33089256 -0.29490043
0.23634231 0.81514927 0.52884212 0.51211563
0.00000000 0.00000000 0.00000000 1.00000000
# frame 19 good=1
0.50923351 0.35713577 -0.78302955 0.50628460
-0.82702966 0.45480634 -0.33041358 -0.29527635
0.23812429 0.81584633 0.52696451 0.51257687
0.00000000 0.00000000 0.00000000 1.00000000
# frame 20 good=1
0.51134195 0.35421026 -0.78298436 0.50613793
-0.82542161 0.45601317 -0.33276291 -0.29522152
0.23918314 0.81644785 0.52555146 0.51287058
0.00000000 0.00000000 0.00000000 1.00000000
# frame 21 good=1
0.52205617 0.35894651 -0.77370198 0.50565161
-0.81995835 0.46093225 -0.33942564 -0.29414631
0.23478854 0.81160265 0.53495371 0.51401106
0.00000000 0.00000000 0.00000000 1.00000000
# frame 22 good=1
0.52371411 0.36136211 -0.77145379 0.50567407
-0.81947487 0.46114197 -0.34030725 -0.29503535
0.23277558 0.81041071 0.53763372 0.51407228
0.00000000 0.00000000 0.00000000 1.00000000
# frame 23 good=1
0.52599888 0.35852295 -0.77122401 0.50541310
-0.81863378 0.45927280 -0.34482927 -0.29417763
0.23057300 0.81272984 0.53507598 0.51499236
0.00000000 0.00000000 0.00000000 1.00000000
# frame 24 good=1
0.52888377 0.35889507 -0.76907495 0.50555964
-0.81771786 0.45808075 -0.34856782 -0.29319372
0.22719916 0.81323819 0.53574639 0.51528271
0.00000000 0.00000000 0.00000000 1.00000000
# frame 25 good=1
0.53649314 0.36279697 -0.76194059 0.50331590
-0.81531304 0.45585239 -0.35701995 -0.29207246
0.21780668 0.81275886 0.54035478 0.51437016
0.00000000 0.00000000 0.00000000 1.00000000
# frame 26 good=1
0.54621323 0.36546894 -0.75371318 0.50208514
-0.81321215 0.44710704 -0.37253361 -0.28984761
0.20084101 0.81641150 0.54141957 0.51427402
0.00000000 0.00000000 0.00000000 1.00000000
# frame 27 good=1
0.55004248 0.36663955 -0.75035239 0.50190721
-0.81136368 0.44745401 -0.37613014 -0.28976096
0.19784400 0.81569623 0.54359673 0.51446826
0.00000000 0.00000000 0.00000000 1.00000000
# frame 28 good=1
0.55420193 0.36815666 -0.74653928 0.50157184
-0.80970152 0.44637823 -0.38095922 -0.28894213
0.19298621 0.81560232 0.54548068 0.51441881
0.00000000 0.00000000 0.00000000 1.00000000
# frame 29 good=1
0.55721832 0.36930538 -0.74372124 0.50096751
-0.80806214 0.44735984 -0.38328156 -0.28832905
0.19116307 0.81454448 0.54769880 0.51434855
0.00000000 0.00000000 0.00000000 1.00000000
# frame 30 good=1
0.56204467 0.37156197 -0.73895026 0.50036570
-0.80591760 0.44695020 -0.38824263 -0.28822517
0.18601777 0.81374272 0.55065431 0.51414979
0.00000000 0.00000000 0.00000000 1.00000000
# frame 31 good=1
0.56726813 0.37352491 -0.73395233 0.49958748
-0.80310018 0.44820370 -0.39261118 -0.28758877
0.18231009 0.81215306 0.55422959 0.51329276
0.00000000 0.00000000 0.00000000 1.00000000
# frame 32 good=1
0.57076470 0.37469203 -0.73063914 0.49933009
-0.80103748 0.44964551 -0.39516816 -0.28697796
0.18046225 0.81081736 0.55678414 0.51276345
0.00000000 0.00000000 0.00000000 1.00000000
# frame 33 good=1
0.57255419 0.37273273 -0.73024107 0.49892157
-0.79991532 0.44926092 -0.39786946 -0.28716227
0.17976981 0.81193284 0.55538084 0.51324729
0.00000000 0.00000000 0.00000000 1.00000000
# frame 34 good=1
0.57784121 0.37052645 -0.72719302 0.49851507
-0.79664802 0.44967932 -0.40390648 -0.28645642
0.17734562 0.81271069 0.55502240 0.51268426
0.00000000 0.00000000 0.00000000 1.00000000
# frame 35 good=1
0.58371597 0.36752563 -0.72401697 0.49767848
-0.79298244 0.44968864 -0.41104619 -0.28522802
0.17451220 0.81406697 0.55393182 0.51284694
0.00000000 0.00000000 0.00000000 1.00000000
# frame 36 good=1
0.59199274 0.36333634 -0.71939648 0.49737815
-0.78822360 0.44716139 -0.42278865 -0.28362661
0.16807185 0.81733310 0.55110658 0.51399893
0.00000000 0.00000000 0.00000000 1.00000000
# frame 37 good=1
0.59412442 0.36574226 -0.71641383 0.49644669
-0.78699042 0.44846478 -0.42370441 -0.28363907
0.16631977 0.81554395 0.55427953 0.51333735
0.00000000 0.00000000 0.00000000 1.00000000
# frame 38 good=1
0.59724834 0.36309553 -0.71516156 0.49591090
-0.78451008 0.44995096 -0.42671779 -0.28287349
0.16684831 0.81590794 0.55358457 0.51346729
0.00000000 0.00000000 0.00000000 1.00000000
# frame 39 good=1
0.60473442 0.36435162 -0.70819784 0.49537746
-0.77973161 0.45197466 -0.43328689 -0.28295030
0.16221869 0.81422774 0.55742110 0.51324692
0.00000000 0.00000000 0.00000000 1.00000000
# frame 40 good=1
0.61131487 0.36034173 -0.70459064 0.49504860
-0.77418647 0.45691666 -0.43802109 -0.28264261
0.16410192 0.81325334 0.55829164 0.51369922
0.00000000 0.00000000 0.00000000 1.00000000
# frame 41 good=1
0.61654188 0.35973004 -0.70033593 0.49376278
-0.77008300 0.46065469 -0.44132690 -0.28203323
0.16385449 0.81141330 0.56103490 0.51291310
0.00000000 0.00000000 0.00000000 1.00000000
# frame 42 good=1
0.61948801 0.35891807 -0.69814928 0.49356542
-0.76781842 0.46212430 -0.44372966 -0.28178899
0.16336916 0.81093708 0.56186437 0.51220472
0.00000000 0.00000000 0.00000000 1.00000000
# frame 43 good=1
0.61772204 0.35662321 -0.70088470 0.49624431
-0.76891083 0.46080373 -0.44321108 -0.28263713
0.16491093 0.81269909 0.55886007 0.51121020
0.00000000 0.00000000 0.00000000 1.00000000
# frame 44 good=1
0.61969845 0.35483801 -0.70004558 0.49585291
-0.76779869 0.45895491 -0.44704091 -0.28194366
0.16266225 0.81452463 0.55685781 0.51142076
0.00000000 0.00000000 0.00000000 1.00000000
# frame 45 good=1
0.61853297 0.35229748 -0.70235565 0.49710087
-0.76866274 0.45673091 -0.44783308 -0.28185002
0.16301707 0.81687414 0.55330107 0.51195773
0.00000000 0.00000000 0.00000000 1.00000000
# frame 46 good=1
0.62093360 0.34742551 -0.70266420 0.49456153
-0.76736423 0.45236906 -0.45443853 -0.27795346
0.15998000 0.82137552 0.54749306 0.51058421
0.00000000 0.00000000 0.00000000 1.00000000
# frame 47 good=1
0.62187610 0.34315900 -0.70392614 0.49527820
-0.76598199 0.45354140 -0.45560047 -0.27806655
0.16291625 0.82252179 0.54490017 0.51151918
0.00000000 0.00000000 0.00000000 1.00000000
# frame 48 good=1
0.62440452 0.34314286 -0.70169222 0.49634129
-0.76441218 0.45315114 -0.45861537 -0.27766756
0.16060204 0.82274359 0.54525220 0.51216335
0.00000000 0.00000000 0.00000000 1.00000000
# frame 49 good=1
0.62707262 0.34669587 -0.69755423 0.49513839
-0.76312259 0.45308054 -0.46082745 -0.27686817
0.15628128 0.82129167 0.54868585 0.51171782
0.00000000 0.00000000 0.00000000 1.00000000
# frame 50 good=1
0.62881843 0.34594259 -0.69635559 0.49417130
-0.76198331 0.45248535 -0.46329088 -0.27632866
0.15481865 0.82193718 0.54813361 0.51152028
0.00000000 0.00000000 0.00000000 1.00000000
# frame 51 good=1
0.62859686 0.34402736 -0.69750352 0.49352393
-0.76203928 0.45169605 -0.46396855 -0.27605547
0.15544171 0.82317425 0.54609708 0.51173519
0.00000000 0.00000000 0.00000000 1.00000000
# frame 52 good=1
0.62745047 0.34374176 -0.69867554 0.49416947
-0.76301051 0.45039538 -0.46363667 -0.27564260
0.15530895 0.82400583 0.54487937 0.51265225
0.00000000 0.00000000 0.00000000 1.00000000
# frame 53 good=1
0.62969790 0.34254829 -0.69723829 0.49320083
-0.76148051 0.44977107 -0.46674770 -0.27491271
0.15371399 0.82484341 0.54406374 0.51290494
0.00000000 0.00000000 0.00000000 1.00000000
# frame 54 good=1
0.63234924 0.34394781 -0.69414289 0.49243725
-0.75965019 0.45097097 -0.46856885 -0.27409146
0.15187506 0.82360493 0.54645117 0.51275832
0.00000000 0.00000000 0.00000000 1.00000000
# frame 55 good=1
0.63532549 0.34974444 -0.68850588 0.49076218
-0.75815403 0.45202096 -0.46997821 -0.27400616
0.14684682 0.82058265 0.55234059 0.51224555
0.00000000 0.00000000 0.00000000 1.00000000
# frame 56 good=1
0.64377761 0.36239215 -0.67396017 0.48648602
-0.75441171 0.44803727 -0.47971406 -0.27338273
0.12811466 0.81727262 0.56182925 0.51257821
0.00000000 0.00000000 0.00000000 1.00000000
# frame 57 good=1
0.64528232 0.36530002 -0.67094457 0.48689738
-0.75378669 0.44719885 -0.48147566 -0.27382050
0.12416257 0.81643682 0.56392781 0.51284039
0.00000000 0.00000000 0.00000000 1.00000000
# frame 58 good=1
0.64978602 0.37215841 -0.66277918 0.48571157
-0.75131405 0.44677356 -0.48571656 -0.27382721
0.11534871 0.81356714 0.56991506 0.51233850
0.00000000 0.00000000 0.00000000 1.00000000
# frame 59 good=1
0.65267465 0.37661297 -0.65740282 0.48382955
-0.74998061 0.44421352 -0.49010553 -0.27307612
0.10744712 0.81291883 0.57237933 0.51190060
0.00000000 0.00000000 0.00000000 1.00000000
# frame 60 good=1
0.65059138 0.37430836 -0.66077538 0.48500404
-0.75151603 0.44259382 -0.48921811 -0.27326138
0.10933667 0.81486438 0.56924646 0.51131310
0.00000000 0.00000000 0.00000000 1.00000000
# frame 61 good=1
0.65280834 0.37433626 -0.65856939 0.48444016
-0.74968599 0.44398436 -0.49076349 -0.27282571
0.10868394 0.81409474 0.57047134 0.51046964
0.00000000 0.00000000 0.00000000 1.00000000
# frame 62 good=1
0.65214597 0.37479920 -0.65896221 0.48582177
-0.75025245 0.44377970 -0.49008248 -0.27340933
0.10875153 0.81399333 0.57060316 0.51071052
0.00000000 0.00000000 0.00000000 1.00000000
# frame 63 good=1
0.65318621 0.37230293 -0.65934688 0.48597802
-0.74922084 0.44383801 -0.49160548 -0.27353189
0.10961705 0.81510634 0.56884598 0.51091408
0.00000000 0.00000000 0.00000000 1.00000000
# frame 64 good=1
0.65669850 0.37069503 -0.65675892 0.48606185
-0.74583986 0.44818352 -0.49280263 -0.27380725
0.11166904 0.81345973 0.57080058 0.51114458
0.00000000 0.00000000 0.00000000 1.00000000
# frame 65 good=1
0.65787479 0.36804148 -0.65707399 0.48649610
-0.74455327 0.44910741 -0.49390583 -0.27388668
0.11331896 0.81415478 0.56948293 0.51168650
0.00000000 0.00000000 0.00000000 1.00000000
# frame 66 good=1
0.67005543 0.36241390 -0.64782859 0.48577773
-0.73367527 0.45606470 -0.50371181 -0.27338877
0.11289959 0.81281065 0.57148274 0.51220100
0.00000000 0.00000000 0.00000000 1.00000000
# frame 67 good=1
0.66921837 0.36045907 -0.64978152 0.48698307
-0.73429019 0.45479860 -0.50396046 -0.27399475
0.11386261 0.81438780 0.56904114 0.51278506
0.00000000 0.00000000 0.00000000 1.00000000
# frame 68 good=1
0.67239754 0.35788122 -0.64792174 0.48591823
-0.73154125 0.45472824 -0.50800555 -0.27351165
0.11282267 0.81556316 0.56756302 0.51311412
0.00000000 0.00000000 0.00000000 1.00000000
# frame 69 good=1
0.67574523 0.36103350 -0.64266881 0.48518183
-0.72902945 0.45626498 -0.51023361 -0.27335363
0.10901585 0.81331241 0.57152293 0.51227196
0.00000000 0.00000000 0.00000000 1.00000000
# frame 70 good=1
0.67947569 0.36593931 -0.63592547 0.48360720
-0.72669801 0.45510378 -0.51457802 -0.27254029
0.10110776 0.81176903 0.57515933 0.51173550
0.00000000 0.00000000 0.00000000 1.00000000
# frame 71 good=1
0.68039190 0.36471332 -0.63565010 0.48255944
-0.72612545 0.45271946 -0.51748132 -0.27167329
0.09903884 0.81365182 0.57285428 0.51109763
0.00000000 0.00000000 0.00000000 1.00000000
# frame 72 good=1
0.68445559 0.36241909 -0.63259225 0.48170985
-0.72250130 0.45326803 -0.52205360 -0.27060983
0.09753165 0.81437123 0.57209010 0.51091383
0.00000000 0.00000000 0.00000000 1.00000000
# frame 73 good=1
0.68573131 0.35962369 -0.63280595 0.48186814
-0.72124150 0.45266579 -0.52431324 -0.27045073
0.09789415 0.81594392 0.56978264 0.51167842
0.00000000 0.00000000 0.00000000 1.00000000
# frame 74 good=1
0.69084578 0.35899226 -0.62758001 0.48022652
-0.71653781 0.45577346 -0.52805693 -0.26914909
0.09646596 0.81449071 0.57210070 0.51088400
0.00000000 0.00000000 0.00000000 1.00000000
# frame 75 good=1
0.69262394 0.36056398 -0.62471249 0.47896915
-0.71505060 0.45698289 -0.52902672 -0.26831282
0.09473494 0.81311762 0.57433878 0.51072485
0.00000000 0.00000000 0.00000000 1.00000000
# frame 76 good=1
0.69976162 0.35527186 -0.61977059 0.47778251
-0.70821667 0.45868677 -0.53668947 -0.26729969
0.09360990 0.81448656 0.57258085 0.51160178
0.00000000 0.00000000 0.00000000 1.00000000
# frame 77 good=1
0.70735555 0.35146795 -0.61328493 0.47898125
-0.70113801 0.45902158 -0.54562321 -0.26677419
0.08974195 0.81594698 0.57111900 0.51148334
0.00000000 0.00000000 0.00000000 1.00000000
# frame 78 good=1
0.70873066 0.34917944 -0.61300455 0.47904034
-0.69975160 0.45843880 -0.54788828 -0.26558625
0.08971374 0.81725613 0.56924850 0.51185904
0.00000000 0.00000000 0.00000000 1.00000000
# frame 79 good=1
0.71125245 0.34655443 -0.61157173 0.47819998
-0.69694095 0.46105479 -0.54927388 -0.26551912
0.09161478 0.81690177 0.56945433 0.51201527
0.00000000 0.00000000 0.00000000 1.00000000
# frame 80 good=1
0.71374416 0.34379156 -0.61022671 0.47753897
-0.69441794 0.46103020 -0.55248066 -0.26498270
0.09139476 0.81808222 0.56779263 0.51233735
0.00000000 0.00000000 0.00000000 1.00000000
# frame 81 good=1
0.71949302 0.34591267 -0.60222439 0.47532274
-0.68938095 0.46080581 -0.55893820 -0.26365616
0.08416469 0.81731416 0.57001217 0.51096267
0.00000000 0.00000000 0.00000000 1.00000000
# frame 82 good=1
0.72120752 0.34315080 -0.60175348 0.47598715
-0.68750656 0.46094085 -0.56113124 -0.26336770
0.08482012 0.81840153 0.56835243 0.51073832
0.00000000 0.00000000 0.00000000 1.00000000
# frame 83 good=1
0.72313809 0.34095306 -0.60068487 0.47685106
-0.68554718 0.46036627 -0.56399287 -0.26317901
0.08423996 0.81964255 0.56664780 0.51098468
0.00000000 0.00000000 0.00000000 1.00000000
# frame 84 good=1
0.72468033 0.33888816 -0.59999436 0.47740176
-0.68402789 0.45907462 -0.56688300 -0.26320073
0.08333225 0.82122184 0.56449130 0.51156283
0.00000000 0.00000000 0.00000000 1.00000000
# frame 85 good=1
0.73070736 0.33330605 -0.59579681 0.47824382
-0.67755044 0.46095729 -0.57310014 -0.26251261
0.08361914 0.82245088 0.56265654 0.51131445
0.00000000 0.00000000 0.00000000 1.00000000
# frame 86 good=1
0.73588509 0.32684813 -0.59299531 0.47598833
-0.67187364 0.46114558 -0.57959518 -0.26034755
0.08401756 0.82493337 0.55895080 0.51163409
0.00000000 0.00000000 0.00000000 1.00000000
# frame 87 good=1
0.73790663 0.32360516 -0.59226135 0.47550880
-0.66948333 0.46196028 -0.58170849 -0.25975218
0.08535735 0.82575565 0.55753181 0.51217269
0.00000000 0.00000000 0.00000000 1.00000000
# frame 88 good=1
0.74102910 0.32427469 -0.58798111 0.47538467
-0.66631499 0.46344367 -0.58416119 -0.25964665
0.08306744 0.82466107 0.55949434 0.51188900
0.00000000 0.00000000 0.00000000 1.00000000
# frame 89 good=1
0.74665626 0.32092519 -0.58267611 0.47456251
-0.66037516 0.46301623 -0.59120268 -0.25882111
0.08005666 0.82621002 0.55764499 0.51219961
0.00000000 0.00000000 0.00000000 1.00000000
# frame 90 good=1
0.74733981 0.31784414 -0.58348806 0.47561209
-0.65927691 0.46400409 -0.59165375 -0.25869088
0.08268717 0.82684661 0.55631603 0.51246622
0.00000000 0.00000000 0.00000000 1.00000000
# frame 91 good=1
0.74999665 0.31541531 -0.58139333 0.47496744
-0.65641376 0.46309657 -0.59553551 -0.25779543
0.08140024 0.82828422 0.55436383 0.51312720
0.00000000 0.00000000 0.00000000 1.00000000
# frame 92 good=1
0.75202521 0.31729540 -0.57773845 0.47425996
-0.65448885 0.46334062 -0.59746114 -0.25710565
0.07811803 0.82742921 0.55611013 0.51270973
0.00000000 0.00000000 0.00000000 1.00000000
# frame 93 good=1
0.75629273 0.31494908 -0.57343559 0.47313636
-0.64979406 0.46354445 -0.60240702 -0.25622104
0.07608535 0.82821110 0.55522734 0.51279698
0.00000000 0.00000000 0.00000000 1.00000000
# frame 94 good=1
0.75775214 0.31163638 -0.57331881 0.47281270
-0.64799378 0.46291701 -0.60482385 -0.25582987
0.07691391 0.82981360 0.55271480 0.51366368
0.00000000 0.00000000 0.00000000 1.00000000
# frame 95 good=1
0.76008683 0.30855205 -0.57189478 0.47337082
-0.64520611 0.46305177 -0.60769411 -0.25581946
0.07731163 0.83089030 0.55103922 0.51496505
0.00000000 0.00000000 0.00000000 1.00000000
# frame 96 good=1
0.76725288 0.30530964 -0.56401157 0.47110425
-0.63716158 0.46314357 -0.61605450 -0.25429855
0.07313095 0.83203609 0.54987981 0.51526938
0.00000000 0.00000000 0.00000000 1.00000000
# frame 97 good=1
0.77015975 0.30519140 -0.56010014 0.47082533
-0.63407702 0.46169734 -0.62030791 -0.25292146
0.06928410 0.83288281 0.54909556 0.51502647
0.00000000 0.00000000 0.00000000 1.00000000
# frame 98 good=1
0.77259289 0.30593844 -0.55632895 0.46973927
-0.63131906 0.46314261 -0.62204114 -0.25222616
0.06735334 0.83180563 0.55096545 0.51484944
0.00000000 0.00000000 0.00000000 1.00000000
# frame 99 good=1
0.77469309 0.30715685 -0.55272533 0.46884471
-0.62900187 0.46398358 -0.62375948 -0.25175182
0.06486348 0.83088743 0.55264710 0.51497601
0.00000000 0.00000000 0.00000000 1.00000000
# frame 100 good=1
0.77332374 0.30683006 -0.55482043 0.46920772
-0.63067641 0.46192030 -0.62359996 -0.25186438
0.06494361 0.83215681 0.55072441 0.51491404
0.00000000 0.00000000 0.00000000 1.00000000
# frame 101 good=1
0.77479664 0.30748957 -0.55239508 0.46807707
-0.62898072 0.46312185 -0.62442085 -0.25114180
0.06382333 0.83124504 0.55223027 0.51467308
0.00000000 0.00000000 0.00000000 1.00000000
# frame 102 good=1
0.77377580 0.30582789 -0.55474346 0.46825198
-0.63004768 0.46232857 -0.62393286 -0.25134173
0.06565767 0.83229898 0.55042481 0.51508950
0.00000000 0.00000000 0.00000000 1.00000000
# frame 103 good=1
0.77575348 0.30348266 -0.55326740 0.46769090
-0.62761548 0.46222449 -0.62645617 -0.25093866
0.06561516 0.83321474 0.54904267 0.51566638
0.00000000 0.00000000 0.00000000 1.00000000
# frame 104 good=1
0.77741008 0.30174514 -0.55189079 0.46704548
-0.62559857 0.46197773 -0.62865174 -0.25078171
0.06526865 0.83398228 0.54791747 0.51607972
0.00000000 0.00000000 0.00000000 1.00000000
# frame 105 good=1
0.77986189 0.30228599 -0.54812281 0.46472545
-0.62281394 0.46229205 -0.63118053 -0.25032716
0.06259578 0.83361216 0.54879188 0.51549838
0.00000000 0.00000000 0.00000000 1.00000000
# frame 106 good=1
0.78523540 0.29952047 -0.54193436 0.46300207
-0.61629092 0.46275497 -0.63721530 -0.24947979
0.05992379 0.83435324 0.54796333 0.51490128
0.00000000 0.00000000 0.00000000 1.00000000
# frame 107 good=1
0.78685155 0.29531274 -0.54189946 0.46453812
-0.61386436 0.46490309 -0.63799347 -0.24991363
0.06352313 0.83465892 0.54709168 0.51521669
0.00000000 0.00000000 0.00000000 1.00000000
# frame 108 good=1
0.78887546 0.29029663 -0.54166722 0.46415201
-0.61086013 0.46688331 -0.63942934 -0.24978939
0.06727120 0.83531302 0.54564342 0.51570948
0.00000000 0.00000000 0.00000000 1.00000000
# frame 109 good=1
0.78801061 0.28586793 -0.54526948 0.46464292
-0.61136521 0.46779079 -0.63828235 -0.24933085
0.07260758 0.83633205 0.54339381 0.51490038
0.00000000 0.00000000 0.00000000 1.00000000
# frame 110 good=1
0.79082930 0.28632903 -0.54092949 0.46324978
-0.60811095 0.46754455 -0.64156306 -0.24868935
0.06921051 0.83631201 0.54386775 0.51437863
0.00000000 0.00000000 0.00000000 1.00000000
# frame 111 good=1
0.79278046 0.28541421 -0.53855164 0.46291604
-0.60572497 0.46721492 -0.64405550 -0.24856115
0.06779677 0.83680879 0.54328137 0.51413970
0.00000000 0.00000000 0.00000000 1.00000000
# frame 112 good=1
0.79466283 0.28357018 -0.53674849 0.46258498
-0.60328921 0.46719056 -0.64635525 -0.24846082
0.06747675 0.83744906 0.54233381 0.51434121
0.00000000 0.00000000 0.00000000 1.00000000
# frame 113 good=1
0.79727633 0.28108901 -0.53417172 0.46467137
-0.59995320 0.46634350 -0.65006146 -0.24836104
0.06638238 0.83875664 0.54044488 0.51474245
0.00000000 0.00000000 0.00000000 1.00000000
# frame 114 good=1
0.80153410 0.27950958 -0.52859955 0.46336462
-0.59461940 0.46575075 -0.65536555 -0.24761477
0.06301469 0.83961338 0.53951693 0.51611495
0.00000000 0.00000000 0.00000000 1.00000000
# frame 115 good=1
0.80224321 0.27687988 -0.52890772 0.46442007
-0.59349959 0.46565260 -0.65644945 -0.24758451
0.06452961 0.84053863 0.53789473 0.51683442
0.00000000 0.00000000 0.00000000 1.00000000
# frame 116 good=1
0.80856033 0.26881078 -0.52342235 0.46344098
-0.58461085 0.46796094 -0.66275389 -0.24659415
0.06678582 0.84187489 0.53552435 0.51827775
0.00000000 0.00000000 0.00000000 1.00000000
# frame 117 good=1
0.81101382 0.27079516 -0.51858130 0.46267666
-0.58178357 0.46652888 -0.66624221 -0.24578347
0.06151799 0.84203372 0.53590554 0.51814588
0.00000000 0.00000000 0.00000000 1.00000000
# frame 118 good=1
0.81374443 0.26897248 -0.51524149 0.46249680
-0.57810269 0.46628593 -0.66960788 -0.24546818
0.06014377 0.84275218 0.53493130 0.51777561
0.00000000 0.00000000 0.00000000 1.00000000
# frame 119 good=1
0.81546432 0.26656098 -0.51377347 0.46230809
-0.57566610 0.46586356 -0.67199679 -0.24500889
0.06022022 0.84375138 0.53334523 0.51816674
0.00000000 0.00000000 0.00000000 1.00000000
# frame 120 good=1
0.81826436 0.26749838 -0.50881043 0.46153131
-0.57204602 0.46611658 -0.67490643 -0.24441678
0.05662860 0.84331486 0.53442797 0.51822273
0.00000000 0.00000000 0.00000000 1.00000000
# frame 121 good=1
0.82018973 0.26770288 -0.50559269 0.46092322
-0.56955012 0.46530262 -0.67757370 -0.24341728
0.05386517 0.84369938 0.53410664 0.51883286
0.00000000 0.00000000 0.00000000 1.00000000
# frame 122 good=1
0.82307198 0.26490432 -0.50237259 0.46046099
-0.56547575 0.46450663 -0.68152092 -0.24200996
0.05281757 0.84502029 0.53211936 0.51991027
0.00000000 0.00000000 0.00000000 1.00000000
# frame 123 good=1
0.82502976 0.26110957 -0.50114637 0.45953663
-0.56254288 0.46359821 -0.68455986 -0.24153222
0.05358543 0.84669858 0.52936765 0.52076885
0.00000000 0.00000000 0.00000000 1.00000000
# frame 124 good=1
0.82518535 0.26383054 -0.49946230 0.45949730
-0.56264326 0.46220130 -0.68542142 -0.24110728
0.05001702 0.84661881 0.52984422 0.52045927
0.00000000 0.00000000 0.00000000 1.00000000
# frame 125 good=1
0.82889819 0.26110681 -0.49472319 0.45812616
-0.55742307 0.45980809 -0.69127132 -0.23954276
0.04698208 0.84876366 0.52668106 0.52000157
0.00000000 0.00000000 0.00000000 1.00000000
# frame 126 good=1
0.83464688 0.25908603 -0.48604425 0.45731445
-0.54929543 0.45641633 -0.69997047 -0.23799641
0.04048596 0.85121005 0.52326125 0.52026711
0.00000000 0.00000000 0.00000000 1.00000000
# frame 127 good=1
0.83584357 0.25686688 -0.48516485 0.45840030
-0.54746730 0.45532628 -0.70210935 -0.23765357
0.04055967 0.85246548 0.52120775 0.52052294
0.00000000 0.00000000 0.00000000 1.00000000
# frame 128 good=1
0.83821402 0.25451051 -0.48230867 0.45845635
-0.54387382 0.45498184 -0.70511899 -0.23772486
0.03998150 0.85335569 0.51979376 0.52075545
0.00000000 0.00000000 0.00000000 1.00000000
# frame 129 good=1
0.84016163 0.25212065 -0.48017041 0.45897407
-0.54087863 0.45438954 -0.70779973 -0.23734986
0.03973349 0.85438008 0.51812733 0.52076237
0.00000000 0.00000000 0.00000000 1.00000000
# frame 130 good=1
0.84252988 0.25070649 -0.47674905 0.45917135
-0.53730497 0.45366370 -0.71098004 -0.23686120
0.03803642 0.85518156 0.51693106 0.52082041
0.00000000 0.00000000 0.00000000 1.00000000
# frame 131 good=1
0.84733917 0.24802530 -0.46957404 0.45946038
-0.52989294 0.45327294 -0.71676852 -0.23622161
0.03506848 0.85617001 0.51550277 0.52115997
0.00000000 0.00000000 0.00000000 1.00000000
# frame 132 good=1
0.84961534 0.24628371 -0.46636692 0.45923571
-0.52630602 0.45292350 -0.71962649 -0.23594685
0.03399626 0.85685742 0.51443135 0.52122562
0.00000000 0.00000000 0.00000000 1.00000000
# frame 133 good=1
0.85100144 0.24510107 -0.46445884 0.45865677
-0.52414891 0.45135151 -0.72218400 -0.23559710
0.03262612 0.85802522 0.51257025 0.52235059
0.00000000 0.00000000 0.00000000 1.00000000
# frame 134 good=1
0.85416131 0.24383235 -0.45929755 0.45835523
-0.51915311 0.45048801 -0.72631990 -0.23537776
0.02980775 0.85884011 0.51137575 0.52236500
0.00000000 0.00000000 0.00000000 1.00000000
# frame 135 good=1
0.85660323 0.24552459 -0.45381558 0.45814344
-0.51533260 0.45100090 -0.72871839 -0.23472598
0.02575296 0.85808849 0.51285565 0.52215742
0.00000000 0.00000000 0.00000000 1.00000000
# frame 136 good=1
0.85787343 0.26767560 -0.43863761 0.45755164
-0.51385599 0.45065845 -0.72997191 -0.23356843
0.00228008 0.85162006 0.52415462 0.52367211
0.00000000 0.00000000 0.00000000 1.00000000
# frame 137 good=1
0.85845591 0.27221804 -0.43468470 0.45679538
-0.51288691 0.45450702 -0.72826533 -0.23381101
-0.00067971 0.84812777 0.52979131 0.52308628
0.00000000 0.00000000 0.00000000 1.00000000
# frame 138 good=1
0.85978558 0.27010441 -0.43337323 0.45562871
-0.51065308 0.45722848 -0.72813155 -0.23393945
0.00147904 0.84734038 0.53104810 0.52296787
0.00000000 0.00000000 0.00000000 1.00000000
# frame 139 good=1
0.86182156 0.26154090 -0.43458021 0.45543318
-0.50706799 0.46465441 -0.72593273 -0.23319192
0.01206851 0.84598619 0.53306821 0.52257061
0.00000000 0.00000000 0.00000000 1.00000000
# frame 140 good=1
0.85922437 0.26962052 -0.43478529 0.45520211
-0.51152471 0.46723560 -0.72113339 -0.23367702
0.00871480 0.84201881 0.53937777 0.52171312
0.00000000 0.00000000 0.00000000 1.00000000
# frame 141 good=1
0.86005958 0.27086807 -0.43235172 0.45458530
-0.51014370 0.46842529 -0.72133983 -0.23334452
0.00713655 0.84095674 0.54105529 0.52139411
0.00000000 0.00000000 0.00000000 1.00000000
# frame 142 good=1
0.86167005 0.27121988 -0.42891083 0.45308463
-0.50743302 0.47054744 -0.72187037 -0.23313548
0.00603729 0.83965760 0.54308256 0.52147153
0.00000000 0.00000000 0.00000000 1.00000000
# frame 143 good=1
0.86550653 0.26510487 -0.42499159 0.45102188
-0.50078814 0.47571723 -0.72312126 -0.23324076
0.01047285 0.83869692 0.54449774 0.52021609
0.00000000 0.00000000 0.00000000 1.00000000
# frame 144 good=1
0.86665734 0.25868678 -0.42659842 0.45178750
-0.49865017 0.47640714 -0.72414380 -0.23311841
0.01590810 0.84030791 0.54187595 0.52058842
0.00000000 0.00000000 0.00000000 1.00000000
# frame 145 good=1
0.86844713 0.25832607 -0.42316336 0.45058984
-0.49556077 0.47778414 -0.72535636 -0.23290481
0.01480228 0.83963680 0.54294653 0.52076468
0.00000000 0.00000000 0.00000000 1.00000000
# frame 146 good=1
0.87364413 0.25121384 -0.41669838 0.44870738
-0.48611801 0.48736671 -0.72537092 -0.23202405
0.02086170 0.83628064 0.54790463 0.51992405
0.00000000 0.00000000 0.00000000 1.00000000
# frame 147 good=1
0.87584267 0.25203216 -0.41155729 0.44732545
-0.48221088 0.49113142 -0.72543959 -0.23181667
0.01929461 0.83382835 0.55168651 0.52021003
0.00000000 0.00000000 0.00000000 1.00000000
# frame 148 good=1
0.87684703 0.25339774 -0.40856929 0.44693659
-0.48046951 0.49188363 -0.72608508 -0.23128525
0.01698022 0.83297064 0.55305659 0.52001180
0.00000000 0.00000000 0.00000000 1.00000000
# frame 149 good=1
0.87892079 0.25267029 -0.40454415 0.44569112
-0.47666540 0.49550253 -0.72613176 -0.23092297
0.01698073 0.83104450 0.55594666 0.52109563
0.00000000 0.00000000 0.00000000 1.00000000
# frame 150 good=1
0.88007627 0.25365586 -0.40140312 0.44497344
-0.47457098 0.49792349 -0.72584749 -0.23047520
0.01575258 0.82929543 0.55858835 0.52169941
0.00000000 0.00000000 0.00000000 1.00000000
# frame 151 good=1
0.88181910 0.25772448 -0.39493437 0.44318293
-0.47146760 0.50070273 -0.72595804 -0.22908995
0.01064756 0.82636243 0.56303797 0.52216686
0.00000000 0.00000000 0.00000000 1.00000000
# frame 152 good=1
0.88129915 0.25873994 -0.39543071 0.44302167
-0.47244018 0.50116285 -0.72500764 -0.22839756
0.01058675 0.82576598 0.56391353 0.52194711
0.00000000 0.00000000 0.00000000 1.00000000
# frame 153 good=1
0.88111712 0.25552789 -0.39791723 0.44341834
-0.47268197 0.50132668 -0.72473672 -0.22720984
0.01429608 0.82666623 0.56251094 0.52195379
0.00000000 0.00000000 0.00000000 1.00000000
# frame 154 good=1
0.88055573 0.25621965 -0.39871432 0.44278559
-0.47369784 0.50282940 -0.72303040 -0.22664711
0.01523069 0.82553867 0.56414000 0.52212067
0.00000000 0.00000000 0.00000000 1.00000000
# frame 155 good=1
0.88028754 0.25401691 -0.40071095 0.44206891
-0.47413301 0.50140989 -0.72373063 -0.22445903
0.01708061 0.82708134 0.56182267 0.52236693
0.00000000 0.00000000 0.00000000 1.00000000
# frame 156 good=1
0.88205987 0.25392060 -0.39685603 0.44033803
-0.47089300 0.50226587 -0.72525084 -0.22166537
0.01517111 0.82659139 0.56259800 0.52267483
0.00000000 0.00000000 0.00000000 1.00000000
# frame 157 good=1
0.88339839 0.25537192 -0.39292806 0.43917920
-0.46846518 0.50297948 -0.72632776 -0.22118643
0.01215103 0.82570989 0.56396412 0.52215447
0.00000000 0.00000000 0.00000000 1.00000000
# frame 158 good=1
0.88441387 0.25586647 -0.39031329 0.43866330
-0.46657391 0.50444181 -0.72653097 -0.22092054
0.01099543 0.82466406 0.56551595 0.52228938
0.00000000 0.00000000 0.00000000 1.00000000
# frame 159 good=1
0.88800115 0.25663006 -0.38156909 0.43637786
-0.45979953 0.50670963 -0.72926658 -0.22028182
0.00619300 0.82303485 0.56795711 0.52334507
0.00000000 0.00000000 0.00000000 1.00000000
# frame 160 good=1
0.88938094 0.25582560 -0.37888628 0.43581165
-0.45714524 0.50572770 -0.73161310 -0.21954885
0.00444793 0.82388880 0.56673403 0.52425928
0.00000000 0.00000000 0.00000000 1.00000000
# frame 161 good=1
0.89017718 0.25968265 -0.37436548 0.43458092
-0.45561413 0.50628840 -0.73218018 -0.21939373
-0.00059759 0.82233629 0.56900146 0.52408966
0.00000000 0.00000000 0.00000000 1.00000000
# frame 162 good=1
0.89092317 0.26103272 -0.37164208 0.43423684
-0.45414335 0.50644086 -0.73298804 -0.21916933
-0.00311913 0.82181481 0.56974617 0.52420509
0.00000000 0.00000000 0.00000000 1.00000000
# frame 163 good=1
0.89350641 0.26110986 -0.36533265 0.43274023
-0.44896068 0.50317828 -0.73840769 -0.21872644
-0.00897807 0.82379200 0.56682108 0.52486748
0.00000000 0.00000000 0.00000000 1.00000000
# frame 164 good=1
0.89474663 0.25945006 -0.36347509 0.43221285
-0.44646796 0.50195640 -0.74074701 -0.21900099
-0.00973821 0.82506087 0.56495994 0.52504658
0.00000000 0.00000000 0.00000000 1.00000000
# frame 165 good=1
0.89633070 0.25824034 -0.36042086 0.43135619
-0.44322450 0.49991014 -0.74407116 -0.21862082
-0.01197115 0.82668118 0.56254325 0.52517382
0.00000000 0.00000000 0.00000000 1.00000000
# frame 166 good=1
0.90092646 0.25701103 -0.34968105 0.43020495
-0.43350138 0.49547037 -0.75271885 -0.21802231
-0.02020045 0.82973155 0.55779701 0.52621362
0.00000000 0.00000000 0.00000000 1.00000000
# frame 167 good=1
0.90162742 0.25925243 -0.34620251 0.42915738
-0.43182892 0.49456706 -0.75427264 -0.21800433
-0.02432666 0.82957314 0.55786792 0.52616662
0.00000000 0.00000000 0.00000000 1.00000000
# frame 168 good=1
0.90398984 0.26021940 -0.33924657 0.42749312
-0.42650187 0.49320698 -0.75818404 -0.21814315
-0.02997542 0.83007996 0.55683816 0.52631545
0.00000000 0.00000000 0.00000000 1.00000000
# frame 169 good=1
0.90543411 0.25750450 -0.33746185 0.42656981
-0.42347905 0.49320730 -0.75987634 -0.21815823
-0.02923292 0.83092598 0.55561448 0.52705798
0.00000000 0.00000000 0.00000000 1.00000000
# frame 170 good=1
0.90651669 0.25601150 -0.33568675 0.42591615
-0.42109352 0.49157993 -0.76225286 -0.21781537
-0.03012863 0.83235046 0.55343020 0.52848638
0.00000000 0.00000000 0.00000000 1.00000000
# frame 171 good=1
0.90781741 0.25758228 -0.33093643 0.42484627
-0.41803353 0.49297851 -0.76303352 -0.21774218
-0.03339937 0.83103764 0.55521250 0.52840700
0.00000000 0.00000000 0.00000000 1.00000000
# frame 172 good=1
0.90887454 0.25666532 -0.32874000 0.42437298
-0.41576514 0.49528099 -0.76278181 -0.21833085
-0.03296096 0.82995160 0.55686077 0.52888524
0.00000000 0.00000000 0.00000000 1.00000000
# frame 173 good=1
0.91030131 0.25774318 -0.32391353 0.42410520
-0.41235304 0.49602825 -0.76414720 -0.21901387
-0.03628347 0.82917093 0.55781635 0.52972477
0.00000000 0.00000000 0.00000000 1.00000000
# frame 174 good=1
0.91186222 0.25688958 -0.32017970 0.42382675
-0.40882441 0.49799462 -0.76476399 -0.21957750
-0.03701214 0.82825667 0.55912521 0.53049005
0.00000000 0.00000000 0.00000000 1.00000000
# frame 175 good=1
0.91316934 0.25778078 -0.31570686 0.42302906
-0.40562906 0.49907937 -0.76575770 -0.22015382
-0.03983483 0.82732633 0.56030735 0.53107473
0.00000000 0.00000000 0.00000000 1.00000000
# frame 176 good=1
0.91867790 0.25323331 -0.30315641 0.42362926
-0.39277597 0.50416025 -0.76912254 -0.22378650
-0.04192804 0.82564843 0.56262484 0.53458129
0.00000000 0.00000000 0.00000000 1.00000000
# frame 177 good=1
0.91994434 0.25293036 -0.29954739 0.42346133
-0.38963373 0.50516566 -0.77006052 -0.22494738
-0.04345063 0.82512659 0.56327449 0.53567883
0.00000000 0.00000000 0.00000000 1.00000000
# frame 178 good=1
0.92100702 0.25345134 -0.29581834 0.42272057
-0.38687412 0.50633750 -0.77068200 -0.22594453
-0.04554647 0.82424799 0.56439416 0.53634762
0.00000000 0.00000000 0.00000000 1.00000000
# frame 179 good=1
0.92159622 0.25336611 -0.29405105 0.42272993
-0.38543079 0.50784542 -0.77041296 -0.22702586
-0.04586406 0.82334600 0.56568352 0.53691873
0.00000000 0.00000000 0.00000000 1.00000000
# frame 180 good=1
0.92323481 0.25247891 -0.28964097 0.42155808
-0.38140286 0.51080236 -0.77046272 -0.22897908
-0.04657630 0.82178790 0.56788670 0.53858535
0.00000000 0.00000000 0.00000000 1.00000000
# frame 181 good=1
0.92369849 0.25368077 -0.28710134 0.42081615
-0.38002117 0.51155177 -0.77064823 -0.23014147
-0.04863143 0.82095119 0.56892366 0.53987618
0.00000000 0.00000000 0.00000000 1.00000000
# frame 182 good=1
0.92435648 0.25419200 -0.28451981 0.41999976
-0.37824503 0.51289735 -0.77062767 -0.23114545
-0.04995793 0.81995289 0.57024685 0.54085692
0.00000000 0.00000000 0.00000000 1.00000000
# frame 183 good=1
0.92492637 0.25474719 -0.28216145 0.41890360
-0.37662937 0.51335531 -0.77111390 -0.23174315
-0.05159002 0.81949387 0.57076114 0.54142009
0.00000000 0.00000000 0.00000000 1.00000000
# frame 184 good=1
0.92429558 0.25665780 -0.28249682 0.41781746
-0.37782615 0.51038885 -0.77249636 -0.23314673
-0.05408398 0.82074966 0.56872218 0.54232431
0.00000000 0.00000000 0.00000000 1.00000000
# frame 185 good=1
0.92454179 0.25730329 -0.28110050 0.41682762
-0.37691230 0.50861309 -0.77411229 -0.23317053
-0.05621025 0.82164940 0.56721483 0.54233719
0.00000000 0.00000000 0.00000000 1.00000000
# frame 186 good=1
0.92346268 0.26081174 -0.28141415 0.41340900
-0.37889813 0.50435286 -0.77592809 -0.23251329
-0.06043912 0.82316792 0.56457212 0.54302028
0.00000000 0.00000000 0.00000000 1.00000000
# frame 187 good=1
0.92269494 0.26337174 -0.28154818 0.41282419
-0.38039338 0.50310706 -0.77600526 -0.23172768
-0.06272898 0.82311519 0.56439920 0.54305152
0.00000000 0.00000000 0.00000000 1.00000000
# frame 188 good=1
0.92157892 0.26590356 -0.28282076 0.41206830
-0.38298255 0.50384764 -0.77424926 -0.23132563
-0.06337706 0.82184722 0.56617179 0.54305531
0.00000000 0.00000000 0.00000000 1.00000000
# frame 189 good=1
0.92052541 0.26520745 -0.28687625 0.41060325
-0.38618492 0.50658579 -0.77086448 -0.23101841
-0.05911157 0.82038762 0.56874421 0.54404562
0.00000000 0.00000000 0.00000000 1.00000000
