# frame 0
1.00000000 0.00000000 0.00000000 0.00000000
0.00000000 1.00000000 0.00000000 0.00000000
0.00000000 0.00000000 1.00000000 0.00000000
0.00000000 0.00000000 0.00000000 1.00000000
# frame 1
0.99998452 0.00093835 -0.00548356 0.00008648
-0.00092085 0.99999448 0.00319166 -0.00032200
0.00548653 -0.00318656 0.99997987 -0.00003439
0.00000000 0.00000000 0.00000000 1.00000000
# frame 2
0.99991191 0.00578512 -0.01194559 0.00093163
-0.00573547 0.99997479 0.00418605 0.00043275
0.01196951 -0.00411717 0.99991989 0.00041290
0.00000000 0.00000000 0.00000000 1.00000000
# frame 3
0.99978869 0.01075318 -0.01752000 0.00100969
-0.01056287 0.99988459 0.01091931 -0.00104379
0.01763539 -0.01073194 0.99978689 0.00085061
0.00000000 0.00000000 0.00000000 1.00000000
# frame 4
0.99967521 0.01394623 -0.02133031 0.00178802
-0.01377460 0.99987173 0.00817210 -0.00021295
0.02144155 -0.00787563 0.99973908 0.00111147
0.00000000 0.00000000 0.00000000 1.00000000
# frame 5
0.99966079 0.01838569 -0.01844618 -0.00034585
-0.01821841 0.99979174 0.00919574 -0.00039903
0.01861141 -0.00885656 0.99978757 0.00123759
0.00000000 0.00000000 0.00000000 1.00000000
# frame 6
0.99841486 0.04607925 -0.03231827 -0.00183728
-0.04588196 0.99892358 0.00682039 -0.00054799
0.03259776 -0.00532675 0.99945436 0.00272471
0.00000000 0.00000000 0.00000000 1.00000000
# frame 7
0.99812882 0.04788577 -0.03802377 -0.00105971
-0.04773040 0.99884782 0.00498394 -0.00013728
0.03821862 -0.00315972 0.99926441 0.00263127
0.00000000 0.00000000 0.00000000 1.00000000
# frame 8
0.99705451 0.06257888 -0.04434162 -0.00239691
-0.06233297 0.99803150 0.00690824 -0.00056137
0.04468664 -0.00412395 0.99899254 0.00300146
0.00000000 0.00000000 0.00000000 1.00000000
# frame 9
0.99648880 0.06772043 -0.04923426 -0.00210073
-0.06753391 0.99770213 0.00544402 -0.00031070
0.04948980 -0.00209992 0.99877242 0.00314755
0.00000000 0.00000000 0.00000000 1.00000000
# frame 10
0.99627084 0.07113475 -0.04882886 -0.00340408
-0.07105983 0.99746669 0.00327086 0.00124484
0.04893783 0.00021110 0.99880180 0.00309741
0.00000000 0.00000000 0.00000000 1.00000000
# frame 11
0.99584638 0.07258448 -0.05496793 -0.00255767
-0.07246215 0.99736224 0.00421794 0.00230859
0.05512909 -0.00021733 0.99847921 0.00315575
0.00000000 0.00000000 0.00000000 1.00000000
# frame 12
0.99419345 0.08752689 -0.06259742 -0.00356592
-0.08706453 0.99615166 0.01008139 0.00330194
0.06323892 -0.00457283 0.99798794 0.00347838
0.00000000 0.00000000 0.00000000 1.00000000
# frame 13
0.99288913 0.09608118 -0.07028215 -0.00283678
-0.09512019 0.99532229 0.01690242 0.00226266
0.07157739 -0.01009698 0.99738394 0.00405624
0.00000000 0.00000000 0.00000000 1.00000000
# frame 14
0.99230349 0.09654923 -0.07753725 -0.00099898
-0.09546829 0.99527797 0.01753738 0.00243097
0.07886433 -0.01000005 0.99683520 0.00430612
0.00000000 0.00000000 0.00000000 1.00000000
# frame 15
0.99158805 0.10270192 -0.07877471 -0.00230961
-0.10135468 0.99463027 0.02092482 0.00174580
0.08050073 -0.01276462 0.99667281 0.00456040
0.00000000 0.00000000 0.00000000 1.00000000
# frame 16
0.98614864 0.13354668 -0.09836740 -0.00448430
-0.13107276 0.99088085 0.03122601 0.00289431
0.10164050 -0.01790020 0.99466014 0.00636653
0.00000000 0.00000000 0.00000000 1.00000000
# frame 17
0.98463897 0.13989336 -0.10447939 -0.00536886
-0.13733359 0.99002891 0.03134081 0.00272379
0.10782198 -0.01651086 0.99403310 0.00664466
0.00000000 0.00000000 0.00000000 1.00000000
# frame 18
0.98264322 0.14646893 -0.11383829 -0.00405910
-0.14317209 0.98901857 0.03666092 0.00557340
0.11795787 -0.01972613 0.99282265 0.00739347
0.00000000 0.00000000 0.00000000 1.00000000
# frame 19
0.98169918 0.15157840 -0.11528532 -0.00559758
-0.14727257 0.98806984 0.04504198 0.00320372
0.12073734 -0.02723931 0.99231069 0.00838872
0.00000000 0.00000000 0.00000000 1.00000000
# frame 20
0.97871090 0.16116476 -0.12708618 -0.00384079
-0.15776001 0.98680331 0.03648299 0.00612482
0.13128884 -0.01565719 0.99122051 0.00794210
0.00000000 0.00000000 0.00000000 1.00000000
# frame 21
0.97733426 0.16410709 -0.13374079 -0.00160884
-0.16062384 0.98634037 0.03650546 0.00862236
0.13790474 -0.01419608 0.99034375 0.00806192
0.00000000 0.00000000 0.00000000 1.00000000
# frame 22
0.97604607 0.17447226 -0.12997499 -0.00363010
-0.16917772 0.98427521 0.05080569 0.00628739
0.13679534 -0.02759983 0.99021477 0.00885080
0.00000000 0.00000000 0.00000000 1.00000000
# frame 23
0.97244367 0.19001099 -0.13508934 -0.00421539
-0.18599798 0.98165850 0.04184895 0.00985001
0.14056336 -0.01556940 0.98994926 0.00818266
0.00000000 0.00000000 0.00000000 1.00000000
# frame 24
0.96862582 0.20237476 -0.14425145 -0.00372153
-0.19783790 0.97918826 0.04528267 0.01283872
0.15041340 -0.01532356 0.98850443 0.00803369
0.00000000 0.00000000 0.00000000 1.00000000
# frame 25
0.96491878 0.21360470 -0.15265903 -0.00222535
-0.20660439 0.97655086 0.06052309 0.00975896
0.16200732 -0.02685984 0.98642393 0.00940647
0.00000000 0.00000000 0.00000000 1.00000000
# frame 26
0.95912506 0.23368880 -0.15958904 -0.00015153
-0.22588800 0.97193889 0.06564610 0.01166233
0.17045156 -0.02691357 0.98499844 0.01144704
0.00000000 0.00000000 0.00000000 1.00000000
# frame 27
0.95691790 0.24149192 -0.16121346 0.00013795
-0.23344225 0.97003037 0.06742256 0.01119245
0.17266395 -0.02688383 0.98461384 0.01208988
0.00000000 0.00000000 0.00000000 1.00000000
# frame 28
0.95485942 0.24819644 -0.16322379 0.00044949
-0.24008223 0.96836739 0.06800823 0.01081767
0.17494000 -0.02575117 0.98424228 0.01265232
0.00000000 0.00000000 0.00000000 1.00000000
# frame 29
0.95112659 0.25707104 -0.17109266 0.00364594
-0.24942682 0.96620007 0.06514351 0.01061065
0.18205625 -0.01928462 0.98309899 0.01378589
0.00000000 0.00000000 0.00000000 1.00000000
# frame 30
0.94785777 0.26480835 -0.17731943 0.00659761
-0.25743159 0.96418682 0.06381813 0.01124931
0.18786863 -0.01484289 0.98208201 0.01438589
0.00000000 0.00000000 0.00000000 1.00000000
# frame 31
0.94526665 0.27701080 -0.17244121 0.00637509
-0.26903372 0.96069130 0.06850604 0.01055576
0.18463968 -0.01836397 0.98263470 0.01534145
0.00000000 0.00000000 0.00000000 1.00000000
# frame 32
0.94180759 0.28675605 -0.17541217 0.00749707
-0.27857195 0.95784891 0.07016501 0.01001117
0.18813860 -0.01721703 0.98199157 0.01595043
0.00000000 0.00000000 0.00000000 1.00000000
# frame 33
0.93192782 0.31328948 -0.18264786 0.01206593
-0.30505316 0.94958593 0.07231265 0.00913699
0.19609463 -0.01167287 0.98051550 0.01707662
0.00000000 0.00000000 0.00000000 1.00000000
# frame 34
0.92696837 0.32920909 -0.17986388 0.01305031
-0.32104581 0.94419880 0.07360848 0.00967325
0.19405984 -0.01048819 0.98093362 0.01718194
0.00000000 0.00000000 0.00000000 1.00000000
# frame 35
0.92116396 0.34672252 -0.17674970 0.01320151
-0.33839757 0.93790992 0.07623690 0.01115062
0.19220835 -0.01041501 0.98129887 0.01719343
0.00000000 0.00000000 0.00000000 1.00000000
# frame 36
0.89926335 0.40099475 -0.17472448 0.01792417
-0.38968806 0.91589228 0.09635631 0.00697842
0.19866717 -0.01856165 0.97989123 0.01981201
0.00000000 0.00000000 0.00000000 1.00000000
# frame 37
0.89441022 0.41369779 -0.16995440 0.01772594
-0.40106432 0.91006055 0.10458106 0.00524331
0.19793375 -0.02537572 0.97988688 0.02056389
0.00000000 0.00000000 0.00000000 1.00000000
# frame 38
0.89259994 0.41995773 -0.16401483 0.01694236
-0.40727655 0.90711254 0.10617273 0.00399378
0.19336796 -0.02797038 0.98072753 0.02082423
0.00000000 0.00000000 0.00000000 1.00000000
# frame 39
0.89075204 0.42317683 -0.16577747 0.01791460
-0.41194369 0.90583160 0.09885097 0.00589679
0.19199791 -0.01976072 0.98119637 0.02089127
0.00000000 0.00000000 0.00000000 1.00000000
# frame 40
0.88670175 0.43047695 -0.16867012 0.01874213
-0.41938707 0.90244904 0.09848967 0.00680155
0.19461372 -0.01659290 0.98073961 0.02078076
0.00000000 0.00000000 0.00000000 1.00000000
# frame 41
0.88076028 0.44247466 -0.16875280 0.01975501
-0.43001779 0.89653228 0.10637000 0.00805324
0.19835837 -0.02111976 0.97990199 0.02099754
0.00000000 0.00000000 0.00000000 1.00000000
# frame 42
0.87498459 0.45282577 -0.17132075 0.01986433
-0.43813463 0.89115933 0.11778410 0.00658958
0.20600976 -0.02799772 0.97814933 0.02154696
0.00000000 0.00000000 0.00000000 1.00000000
# frame 43
0.86816600 0.46449623 -0.17473134 0.02160822
-0.44749191 0.88492818 0.12904690 0.00360613
0.21456649 -0.03384327 0.97612287 0.02227264
0.00000000 0.00000000 0.00000000 1.00000000
# frame 44
0.86316851 0.47692818 -0.16576980 0.01850380
-0.45983001 0.87813003 0.13207575 0.00268968
0.20855808 -0.03777770 0.97728009 0.02319404
0.00000000 0.00000000 0.00000000 1.00000000
# frame 45
0.85746400 0.48376220 -0.17529866 0.01926235
-0.46482214 0.87437529 0.13931344 -0.00021708
0.22067140 -0.03797356 0.97460871 0.02365618
0.00000000 0.00000000 0.00000000 1.00000000
# frame 46
0.83785413 0.50680384 -0.20285542 0.02515943
-0.48720709 0.86184739 0.14088408 -0.00369839
0.24623101 -0.01920771 0.96902082 0.02349938
0.00000000 0.00000000 0.00000000 1.00000000
# frame 47
0.82797621 0.52708983 -0.19139413 0.02288386
-0.50472774 0.84921013 0.15521616 -0.00680375
0.24434669 -0.03191336 0.96916264 0.02431043
0.00000000 0.00000000 0.00000000 1.00000000
# frame 48
0.82239833 0.53210879 -0.20129885 0.02343408
-0.51001770 0.84634650 0.15355632 -0.00667307
0.25207724 -0.02361849 0.96741885 0.02408274
0.00000000 0.00000000 0.00000000 1.00000000
# frame 49
0.80973841 0.54733724 -0.21153169 0.02689091
-0.52186172 0.83654631 0.16688504 -0.00804189
0.26829845 -0.02474293 0.96301803 0.02506220
0.00000000 0.00000000 0.00000000 1.00000000
# frame 50
0.80490688 0.55624678 -0.20667472 0.02461818
-0.52930618 0.83046037 0.17369673 -0.00957517
0.26825341 -0.03041548 0.96286812 0.02615007
0.00000000 0.00000000 0.00000000 1.00000000
# frame 51
0.79380916 0.56395081 -0.22765434 0.02841263
-0.53643017 0.82564053 0.17481530 -0.00799846
0.28654788 -0.01664933 0.95792124 0.02768700
0.00000000 0.00000000 0.00000000 1.00000000
# frame 52
0.78654904 0.57254932 -0.23136094 0.02999354
-0.54161985 0.81958317 0.18689934 -0.00893621
0.29662862 -0.02169582 0.95474643 0.02930855
0.00000000 0.00000000 0.00000000 1.00000000
# frame 53
0.77046667 0.59548758 -0.22754266 0.02765233
-0.55772932 0.80254497 0.21180079 -0.01204902
0.30873795 -0.03627823 0.95045503 0.03358055
0.00000000 0.00000000 0.00000000 1.00000000
# frame 54
0.76289238 0.60418634 -0.23011755 0.02755825
-0.56413970 0.79595150 0.21956231 -0.01343345
0.31581896 -0.03768396 0.94807083 0.03525814
0.00000000 0.00000000 0.00000000 1.00000000
# frame 55
0.74664369 0.62130268 -0.23771028 0.02901000
-0.57783934 0.78278413 0.23097773 -0.01518872
0.32958292 -0.03509971 0.94347396 0.03790997
0.00000000 0.00000000 0.00000000 1.00000000
# frame 56
0.70802430 0.67484381 -0.20805632 0.03086863
-0.61313400 0.73362187 0.29302841 -0.01862260
0.35038307 -0.07990483 0.93319179 0.04347251
0.00000000 0.00000000 0.00000000 1.00000000
# frame 57
0.70497405 0.67867259 -0.20594927 0.03148552
-0.61624529 0.72989171 0.29580371 -0.01895533
0.35107453 -0.08161868 0.93278350 0.04393500
0.00000000 0.00000000 0.00000000 1.00000000
# frame 58
0.70260499 0.67653299 -0.22056598 0.03801875
-0.61784996 0.73377728 0.28254616 -0.01242791
0.35299811 -0.06224166 0.93355145 0.04280292
0.00000000 0.00000000 0.00000000 1.00000000
# frame 59
0.69435016 0.68581687 -0.21802083 0.04340902
-0.62302197 0.72450578 0.29484741 -0.00826857
0.36016868 -0.06889558 0.93033968 0.04256222
0.00000000 0.00000000 0.00000000 1.00000000
# frame 60
0.69247791 0.69794611 -0.18260770 0.03911628
-0.62766545 0.70764079 0.32446971 -0.00887132
0.35568303 -0.11007157 0.92810228 0.04392980
0.00000000 0.00000000 0.00000000 1.00000000
# frame 61
0.69238774 0.70541196 -0.15163500 0.03355897
-0.62699931 0.69223406 0.35732879 -0.01320421
0.35703091 -0.15233503 0.92158720 0.04407225
0.00000000 0.00000000 0.00000000 1.00000000
# frame 62
0.69636495 0.69897477 -0.16281933 0.03762962
-0.62235650 0.70110343 0.34803213 -0.01060518
0.35741886 -0.14102571 0.92323535 0.04141627
0.00000000 0.00000000 0.00000000 1.00000000
# frame 63
0.70083742 0.69478610 -0.16155242 0.03889256
-0.61990251 0.70527800 0.34395321 -0.00730220
0.35291328 -0.14090854 0.92498487 0.03977768
0.00000000 0.00000000 0.00000000 1.00000000
# frame 64
0.69419803 0.70177079 -0.16002140 0.04000185
-0.61993795 0.69590378 0.36248430 -0.00658117
0.36574039 -0.15243255 0.91814938 0.03640781
0.00000000 0.00000000 0.00000000 1.00000000
# frame 65
0.69254019 0.70476208 -0.15394316 0.03964434
-0.62229049 0.69159342 0.36667845 -0.00540591
0.36488714 -0.15814220 0.91752298 0.03433043
0.00000000 0.00000000 0.00000000 1.00000000
# frame 66
0.66097207 0.72678144 -0.18682789 0.04535781
-0.63976511 0.67589043 0.36588623 -0.00353163
0.39219451 -0.12231461 0.91171410 0.02309419
0.00000000 0.00000000 0.00000000 1.00000000
# frame 67
0.65428545 0.73527102 -0.17688155 0.04742623
-0.64489220 0.66463367 0.37732761 -0.00213648
0.39499949 -0.13281044 0.90903069 0.02112950
0.00000000 0.00000000 0.00000000 1.00000000
# frame 68
0.64312549 0.75055315 -0.15185377 0.04215915
-0.65242591 0.64088077 0.40449013 -0.00585957
0.40091151 -0.16106458 0.90184708 0.02249782
0.00000000 0.00000000 0.00000000 1.00000000
# frame 69
0.62109049 0.76878110 -0.15238839 0.03949868
-0.66683358 0.62052448 0.41265282 -0.01340151
0.41180042 -0.15467704 0.89805091 0.01996320
0.00000000 0.00000000 0.00000000 1.00000000
# frame 70
0.61487775 0.77090351 -0.16623216 0.04213312
-0.67701462 0.62410157 0.39006210 -0.01039324
0.40444600 -0.12729891 0.90565911 0.01751632
0.00000000 0.00000000 0.00000000 1.00000000
# frame 71
0.60730215 0.77408661 -0.17881278 0.04469999
-0.68479115 0.62414211 0.37617510 -0.00959049
0.40279670 -0.10600253 0.90913051 0.01537038
0.00000000 0.00000000 0.00000000 1.00000000
# frame 72
0.60009334 0.77724030 -0.18917055 0.04802484
-0.69563485 0.62380818 0.35630817 -0.00757382
0.39494321 -0.08222453 0.91501857 0.01286319
0.00000000 0.00000000 0.00000000 1.00000000
# frame 73
0.58429347 0.78918021 -0.18919760 0.05331840
-0.71445555 0.61079208 0.34130091 -0.00557569
0.38490831 -0.06424662 0.92071600 0.01143036
0.00000000 0.00000000 0.00000000 1.00000000
# frame 74
0.57570241 0.79947231 -0.17149565 0.05056814
-0.72479119 0.59604837 0.34554895 -0.00617251
0.37847652 -0.07463483 0.92259697 0.01188779
0.00000000 0.00000000 0.00000000 1.00000000
# frame 75
0.56765693 0.80769100 -0.15937646 0.04628308
-0.73440423 0.58429185 0.34533094 -0.00750330
0.37204306 -0.07898276 0.92484901 0.01196288
0.00000000 0.00000000 0.00000000 1.00000000
# frame 76
0.55734376 0.81028175 -0.18113924 0.05003069
-0.74251287 0.58404732 0.32796854 -0.00681945
0.37154081 -0.04829300 0.92715975 0.01185827
0.00000000 0.00000000 0.00000000 1.00000000
# frame 77
0.55591550 0.81271287 -0.17451577 0.04991179
-0.74637702 0.58045121 0.32557293 -0.00414280
0.36589520 -0.05073648 0.92927203 0.01176912
0.00000000 0.00000000 0.00000000 1.00000000
# frame 78
0.54476187 0.82571562 -0.14638380 0.04429872
-0.75236539 0.55834193 0.34957202 -0.00873650
0.37037930 -0.08029940 0.92540325 0.01362561
0.00000000 0.00000000 0.00000000 1.00000000
# frame 79
0.54585286 0.82616280 -0.13964125 0.04183318
-0.75276257 0.55673160 0.35128113 -0.01035962
0.36795810 -0.08663111 0.92579797 0.01379125
0.00000000 0.00000000 0.00000000 1.00000000
# frame 80
0.54564296 0.82452944 -0.14974970 0.04573674
-0.75225238 0.56066663 0.34607699 -0.00990593
0.36931033 -0.07618490 0.92617803 0.01301050
0.00000000 0.00000000 0.00000000 1.00000000
# frame 81
0.54259588 0.82712925 -0.14644765 0.04739756
-0.75734997 0.55713053 0.34062677 -0.00737885
0.36333282 -0.07391055 0.92872304 0.01250538
0.00000000 0.00000000 0.00000000 1.00000000
# frame 82
0.53027650 0.83770564 -0.13059898 0.04913321
-0.76360251 0.53883285 0.35576729 -0.00552510
0.36839929 -0.08892933 0.92540453 0.01297567
0.00000000 0.00000000 0.00000000 1.00000000
# frame 83
0.51803789 0.84701730 -0.11915724 0.04976980
-0.76813685 0.52196326 0.37083707 -0.00610507
0.37630111 -0.10057859 0.92102194 0.01284203
0.00000000 0.00000000 0.00000000 1.00000000
# frame 84
0.50854674 0.85541021 -0.09825269 0.04941199
-0.77326241 0.50391686 0.38488054 -0.00561106
0.37874193 -0.11975463 0.91772184 0.01427146
0.00000000 0.00000000 0.00000000 1.00000000
# frame 85
0.49793251 0.86329966 -0.08232197 0.04633575
-0.78069115 0.48756122 0.39090330 -0.00568642
0.37760369 -0.13037543 0.91674298 0.01745905
0.00000000 0.00000000 0.00000000 1.00000000
# frame 86
0.47891326 0.87647697 -0.04929718 0.03943365
-0.78991639 0.45475372 0.41137714 -0.01445542
0.38298066 -0.15807332 0.91013111 0.02217600
0.00000000 0.00000000 0.00000000 1.00000000
# frame 87
0.47800823 0.87674735 -0.05312457 0.03977274
-0.79222041 0.45646387 0.40500315 -0.01409598
0.37933489 -0.15150847 0.91277063 0.02283289
0.00000000 0.00000000 0.00000000 1.00000000
# frame 88
0.47892303 0.87580914 -0.05992568 0.04025533
-0.79332012 0.46102164 0.39762072 -0.01265659
0.37586690 -0.14288947 0.91559089 0.02337439
0.00000000 0.00000000 0.00000000 1.00000000
# frame 89
0.47985829 0.87503482 -0.06364024 0.03813737
-0.79397207 0.46397629 0.39285412 -0.01245011
0.37328860 -0.13798573 0.91739608 0.02488267
0.00000000 0.00000000 0.00000000 1.00000000
# frame 90
0.48289435 0.87292617 -0.06937548 0.03569666
-0.79331349 0.46964292 0.38741351 -0.01395194
0.37076509 -0.13204329 0.91929202 0.02470727
0.00000000 0.00000000 0.00000000 1.00000000
# frame 91
0.48312300 0.87434754 -0.04591894 0.03838709
-0.79238820 0.45894118 0.40186308 -0.01374982
0.37244209 -0.15776368 0.91454771 0.02456424
0.00000000 0.00000000 0.00000000 1.00000000
# frame 92
0.48268351 0.87512895 -0.03414598 0.03520169
-0.79145683 0.45256347 0.41083135 -0.01417557
0.37498363 -0.17127644 0.91107171 0.02796071
0.00000000 0.00000000 0.00000000 1.00000000
# frame 93
0.49034164 0.87108981 -0.02770590 0.03171469
-0.78747907 0.45644952 0.41416247 -0.01713273
0.37341906 -0.18126329 0.90978120 0.02886933
0.00000000 0.00000000 0.00000000 1.00000000
# frame 94
0.49626616 0.86756847 -0.03232424 0.03174534
-0.78397806 0.46382395 0.41260846 -0.01817150
0.37295884 -0.17942212 0.91033478 0.02930003
0.00000000 0.00000000 0.00000000 1.00000000
# frame 95
0.50490810 0.86215800 -0.04184970 0.03264852
-0.77877355 0.47591296 0.40867911 -0.01778799
0.37226278 -0.17375395 0.91171815 0.02748415
0.00000000 0.00000000 0.00000000 1.00000000
# frame 96
0.51070557 0.85968667 -0.01089258 0.02973746
-0.76477875 0.46003997 0.45108390 -0.02192892
0.39280184 -0.22204064 0.89241508 0.03244810
0.00000000 0.00000000 0.00000000 1.00000000
# frame 97
0.51175858 0.85910002 -0.00709248 0.02927441
-0.76108275 0.45716949 0.46016204 -0.02349361
0.39856768 -0.23009391 0.88780662 0.03412778
0.00000000 0.00000000 0.00000000 1.00000000
# frame 98
0.51667657 0.85608923 0.01251213 0.02615663
-0.75719175 0.45007005 0.47338948 -0.02553289
0.39963230 -0.25406333 0.88076435 0.03414219
0.00000000 0.00000000 0.00000000 1.00000000
# frame 99
0.51905405 0.85406461 0.03400786 0.02703650
-0.75087766 0.43661106 0.49553358 -0.02639749
0.40836948 -0.28274446 0.86792277 0.03582553
0.00000000 0.00000000 0.00000000 1.00000000
# frame 100
0.52026897 0.85355833 0.02753869 0.02916430
-0.73526707 0.43129829 0.52284235 -0.02812342
0.43439905 -0.29226694 0.85198445 0.04456834
0.00000000 0.00000000 0.00000000 1.00000000
# frame 101
0.52556840 0.85067285 0.01155714 0.02833222
-0.73402814 0.44655084 0.51165910 -0.02860973
0.43009365 -0.27739512 0.85911082 0.04593168
0.00000000 0.00000000 0.00000000 1.00000000
# frame 102
0.53388305 0.84553873 0.00575723 0.02603855
-0.73343439 0.45968942 0.50075906 -0.02964223
0.42076464 -0.27156932 0.86556757 0.04466284
0.00000000 0.00000000 0.00000000 1.00000000
# frame 103
0.53493891 0.84471264 -0.01734719 0.02712702
-0.73548636 0.47567659 0.48248481 -0.02855863
0.41581267 -0.24534127 0.87573254 0.04517214
0.00000000 0.00000000 0.00000000 1.00000000
# frame 104
0.53884054 0.84187292 -0.03001418 0.02596034
-0.73613595 0.48788836 0.46911492 -0.02928872
0.40957872 -0.23068362 0.88262695 0.04488601
0.00000000 0.00000000 0.00000000 1.00000000
# frame 105
0.54970814 0.83426112 -0.04277093 0.02570747
-0.73333458 0.50645929 0.45356298 -0.02860548
0.40005169 -0.21796186 0.89019732 0.04390656
0.00000000 0.00000000 0.00000000 1.00000000
# frame 106
0.55844548 0.82811028 -0.04870331 0.02130750
-0.72686501 0.51677298 0.45234163 -0.03363991
0.39975731 -0.21720741 0.89051392 0.04567835
0.00000000 0.00000000 0.00000000 1.00000000
# frame 107
0.55897283 0.82757640 -0.05163991 0.01970474
-0.72490722 0.51796316 0.45411857 -0.03441803
0.40256538 -0.21640580 0.88944344 0.04862128
0.00000000 0.00000000 0.00000000 1.00000000
# frame 108
0.57275503 0.81790532 -0.05461293 0.01595532
-0.71841228 0.53293412 0.44706265 -0.03669056
0.39476002 -0.21682278 0.89283392 0.04892792
0.00000000 0.00000000 0.00000000 1.00000000
# frame 109
0.57618066 0.81535444 -0.05668320 0.01534044
-0.71502845 0.53644849 0.44828265 -0.03752467
0.39591686 -0.21776170 0.89209286 0.05021702
0.00000000 0.00000000 0.00000000 1.00000000
# frame 110
0.57861444 0.81397656 -0.05145366 0.01256747
-0.71479495 0.53647033 0.44862877 -0.03871745
0.39277667 -0.22280427 0.89223581 0.05135676
0.00000000 0.00000000 0.00000000 1.00000000
# frame 111
0.58186641 0.81146382 -0.05438700 0.01236425
-0.71362721 0.54149887 0.44442680 -0.03910749
0.39008677 -0.21978498 0.89416267 0.05113780
0.00000000 0.00000000 0.00000000 1.00000000
# frame 112
0.58367507 0.81046741 -0.04965870 0.01081259
-0.71615885 0.54264993 0.43891635 -0.03835748
0.38267468 -0.22062101 0.89715464 0.05062763
0.00000000 0.00000000 0.00000000 1.00000000
# frame 113
0.58808006 0.80704734 -0.05325822 0.00970335
-0.71441749 0.54919508 0.43358092 -0.03907756
0.37916948 -0.21693169 0.89953941 0.05155224
0.00000000 0.00000000 0.00000000 1.00000000
# frame 114
0.58957918 0.80586044 -0.05463832 0.00867128
-0.71334423 0.55123457 0.43275913 -0.04012855
0.37886199 -0.21616984 0.89985232 0.05196753
0.00000000 0.00000000 0.00000000 1.00000000
# frame 115
0.59380475 0.80255508 -0.05745659 0.00804337
-0.71242543 0.55761959 0.42604038 -0.04013051
0.37395979 -0.21205127 0.90287781 0.05236563
0.00000000 0.00000000 0.00000000 1.00000000
# frame 116
0.59763532 0.79873121 -0.06971714 0.00572831
-0.70968743 0.56745484 0.41753892 -0.04300409
0.37306270 -0.20005862 0.90598056 0.05266234
0.00000000 0.00000000 0.00000000 1.00000000
# frame 117
0.59617029 0.79927108 -0.07580719 0.00569532
-0.71176944 0.56985377 0.41067133 -0.04222599
0.37143673 -0.19087280 0.90862662 0.05221554
0.00000000 0.00000000 0.00000000 1.00000000
# frame 118
0.59614275 0.79878797 -0.08094200 0.00625154
-0.71188599 0.57250478 0.40676358 -0.04111167
0.37125754 -0.18486768 0.90994054 0.05201385
0.00000000 0.00000000 0.00000000 1.00000000
# frame 119
0.59657557 0.79906465 -0.07478811 0.00485830
-0.71207299 0.56999696 0.40994576 -0.04162587
0.37020216 -0.19130903 0.90903862 0.05216726
0.00000000 0.00000000 0.00000000 1.00000000
# frame 120
0.59686004 0.79912790 -0.07178228 0.00414673
-0.71217199 0.56886311 0.41134635 -0.04173526
0.36955264 -0.19439487 0.90864816 0.05297679
0.00000000 0.00000000 0.00000000 1.00000000
# frame 121
0.59640821 0.79869155 -0.07993161 0.00502508
-0.70938301 0.57106243 0.41311433 -0.04225189
0.37559686 -0.18968265 0.90716453 0.05388635
0.00000000 0.00000000 0.00000000 1.00000000
# frame 122
0.59891374 0.79607542 -0.08698421 0.00476987
-0.70715341 0.57671219 0.40906859 -0.04189493
0.37581430 -0.18348562 0.90834830 0.05377675
0.00000000 0.00000000 0.00000000 1.00000000
# frame 123
0.59810843 0.79624226 -0.09090965 0.00513997
-0.70636166 0.57735132 0.40953469 -0.04148893
0.37857564 -0.18073105 0.90775370 0.05424286
0.00000000 0.00000000 0.00000000 1.00000000
# frame 124
0.59832943 0.79579523 -0.09333727 0.00558498
-0.70488309 0.57817214 0.41092190 -0.04140240
0.38097470 -0.18007480 0.90688000 0.05373202
0.00000000 0.00000000 0.00000000 1.00000000
# frame 125
0.59887675 0.79539798 -0.09321313 0.00558732
-0.70368477 0.57821294 0.41291348 -0.04225759
0.38232759 -0.18169162 0.90598773 0.05392400
0.00000000 0.00000000 0.00000000 1.00000000
# frame 126
0.59888972 0.79552755 -0.09201648 0.00439592
-0.70469765 0.57809121 0.41135359 -0.04230383
0.38043703 -0.18151164 0.90681927 0.05363736
0.00000000 0.00000000 0.00000000 1.00000000
# frame 127
0.59857784 0.79612877 -0.08878937 0.00300793
-0.70603441 0.57668128 0.41104028 -0.04187725
0.37844416 -0.18335125 0.90728294 0.05417011
0.00000000 0.00000000 0.00000000 1.00000000
# frame 128
0.59858639 0.79579369 -0.09168826 0.00283505
-0.70386314 0.57714806 0.41409757 -0.04232137
0.38245393 -0.18333718 0.90560282 0.05464116
0.00000000 0.00000000 0.00000000 1.00000000
# frame 129
0.59836936 0.79557450 -0.09494912 0.00246551
-0.70167268 0.57754159 0.41725432 -0.04253257
0.38679396 -0.18304899 0.90381607 0.05515850
0.00000000 0.00000000 0.00000000 1.00000000
# frame 130
0.59432809 0.79795871 -0.10017987 0.00120040
-0.70260126 0.57579576 0.41810372 -0.04266402
0.39131265 -0.17810428 0.90285839 0.05666385
0.00000000 0.00000000 0.00000000 1.00000000
# frame 131
0.58967748 0.80071664 -0.10551463 0.00159845
-0.70419316 0.57371393 0.41828737 -0.04314874
0.39546487 -0.17235196 0.90216536 0.05626593
0.00000000 0.00000000 0.00000000 1.00000000
# frame 132
0.58502260 0.80447731 -0.10278529 0.00066561
-0.70660405 0.56780053 0.42227157 -0.04336145
0.39806944 -0.17440991 0.90062306 0.05687055
0.00000000 0.00000000 0.00000000 1.00000000
# frame 133
0.58003808 0.80772017 -0.10556487 0.00036086
-0.70928883 0.56452689 0.42215961 -0.04270977
0.40058104 -0.16999267 0.90035400 0.05759752
0.00000000 0.00000000 0.00000000 1.00000000
