# frame 0 good=1
1.00000000 0.00000000 0.00000000 0.00000000
0.00000000 1.00000000 0.00000000 0.00000000
0.00000000 0.00000000 1.00000000 0.00000000
0.00000000 0.00000000 0.00000000 1.00000000
# frame 1 good=1
-0.23713334 -0.78121849 -0.57746468 -1.50227451
-0.94401445 0.32563822 -0.05288167 -1.23893899
0.22935670 0.53259500 -0.81470122 0.74340791
0.00000000 0.00000000 0.00000000 1.00000000
# frame 2 good=1
-0.23670863 -0.77704776 -0.58323734 -1.50291868
-0.94455868 0.32464057 -0.04916702 -1.23874069
0.22754763 0.53926364 -0.81081244 0.74452286
0.00000000 0.00000000 0.00000000 1.00000000
# frame 3 good=1
-0.23981592 -0.77226980 -0.58829217 -1.50208704
-0.94174474 0.33224525 -0.05224885 -1.23828921
0.23580749 0.54149095 -0.80695872 0.74420559
0.00000000 0.00000000 0.00000000 1.00000000
# frame 4 good=1
-0.23895405 -0.77086514 -0.59048107 -1.50168160
-0.94113058 0.33359623 -0.05465160 -1.23741528
0.23911127 0.54266057 -0.80519892 0.74424165
0.00000000 0.00000000 0.00000000 1.00000000
# frame 5 good=1
-0.23981076 -0.76893688 -0.59264397 -1.50151603
-0.94116805 0.33386178 -0.05233565 -1.23747115
0.23810398 0.54522691 -0.80376247 0.74392449
0.00000000 0.00000000 0.00000000 1.00000000
# frame 6 good=1
-0.23901775 -0.76802598 -0.59414359 -1.50142011
-0.94089564 0.33440326 -0.05375743 -1.23682641
0.23997066 0.54617813 -0.80256061 0.74418942
0.00000000 0.00000000 0.00000000 1.00000000
# frame 7 good=1
-0.24146407 -0.76845630 -0.59259600 -1.50190079
-0.94094625 0.33474198 -0.05067512 -1.23781635
0.23730837 0.54536476 -0.80390423 0.74344778
0.00000000 0.00000000 0.00000000 1.00000000
# frame 8 good=1
-0.24201497 -0.77007250 -0.59026866 -1.50228368
-0.94033383 0.33610845 -0.05294708 -1.23627302
0.23916738 0.54223561 -0.80546850 0.74386458
0.00000000 0.00000000 0.00000000 1.00000000
# frame 9 good=1
-0.24389891 -0.77183457 -0.58718372 -1.50338006
-0.93989654 0.33732204 -0.05299375 -1.23640783
0.23897242 0.53896683 -0.80771712 0.74401179
0.00000000 0.00000000 0.00000000 1.00000000
# frame 10 good=1
-0.24385860 -0.77069480 -0.58869560 -1.50340719
-0.93953975 0.33822019 -0.05359254 -1.23789307
0.24041223 0.54003391 -0.80657630 0.74436886
0.00000000 0.00000000 0.00000000 1.00000000
# frame 11 good=1
-0.24444887 -0.77145720 -0.58745089 -1.50376142
-0.93946556 0.33843802 -0.05351792 -1.23874480
0.24010250 0.53880748 -0.80748826 0.74423185
0.00000000 0.00000000 0.00000000 1.00000000
# frame 12 good=1
-0.25042407 -0.77416433 -0.58134101 -1.50396963
-0.93894870 0.34054578 -0.04902981 -1.24057083
0.23593036 0.53357114 -0.81218145 0.74416236
0.00000000 0.00000000 0.00000000 1.00000000
# frame 13 good=1
-0.25283682 -0.77543464 -0.57859715 -1.50378228
-0.93900944 0.34075391 -0.04634697 -1.24075579
0.23309829 0.53158997 -0.81429558 0.74479393
0.00000000 0.00000000 0.00000000 1.00000000
# frame 14 good=1
-0.25148798 -0.77432520 -0.58066710 -1.50265379
-0.93863866 0.34143505 -0.04878084 -1.23913095
0.23603233 0.53276879 -0.81267838 0.74550736
0.00000000 0.00000000 0.00000000 1.00000000
# frame 15 good=1
-0.25600729 -0.77387836 -0.57928624 -1.50324535
-0.93788182 0.34401264 -0.04508885 -1.23970685
0.23417507 0.53175896 -0.81387618 0.74567218
0.00000000 0.00000000 0.00000000 1.00000000
# frame 16 good=1
-0.25387674 -0.77566544 -0.57783192 -1.50374680
-0.93963730 0.33947666 -0.04286413 -1.23971031
0.22940868 0.53207022 -0.81502941 0.74556225
0.00000000 0.00000000 0.00000000 1.00000000
# frame 17 good=1
-0.25352156 -0.77435736 -0.57973916 -1.50251761
-0.94043984 0.33763204 -0.03971801 -1.23887339
0.22649444 0.53514043 -0.81383351 0.74580429
0.00000000 0.00000000 0.00000000 1.00000000
# frame 18 good=1
-0.24991812 -0.77564503 -0.57958237 -1.50240795
-0.94182926 0.33365433 -0.04040345 -1.23781501
0.22471890 0.53577008 -0.81391145 0.74613338
0.00000000 0.00000000 0.00000000 1.00000000
# frame 19 good=1
-0.25177692 -0.77656226 -0.57754606 -1.50225088
-0.94200335 0.33347597 -0.03772886 -1.23814570
0.22189654 0.53455106 -0.81548580 0.74621860
0.00000000 0.00000000 0.00000000 1.00000000
# frame 20 good=1
-0.25669260 -0.77734115 -0.57432538 -1.50288292
-0.94108899 0.33637745 -0.03466582 -1.23817726
0.22013727 0.53159284 -0.81789280 0.74760877
0.00000000 0.00000000 0.00000000 1.00000000
# frame 21 good=1
-0.25664409 -0.77646081 -0.57553664 -1.50282941
-0.94109969 0.33639728 -0.03417964 -1.23903933
0.22014811 0.53286535 -0.81706140 0.74819921
0.00000000 0.00000000 0.00000000 1.00000000
# frame 22 good=1
-0.24832564 -0.77496549 -0.58117369 -1.50421243
-0.94379222 0.32867985 -0.03501145 -1.24265095
0.21815275 0.53981297 -0.81302604 0.74952470
0.00000000 0.00000000 0.00000000 1.00000000
# frame 23 good=1
-0.24006409 -0.77847783 -0.57994957 -1.50553544
-0.94888678 0.31427458 -0.02907521 -1.24160196
0.20489782 0.54332657 -0.81413336 0.75279732
0.00000000 0.00000000 0.00000000 1.00000000
# frame 24 good=1
-0.22872777 -0.78083088 -0.58136628 -1.50599727
-0.95426593 0.29793550 -0.02471784 -1.23864597
0.19251011 0.54912437 -0.81326643 0.75396385
0.00000000 0.00000000 0.00000000 1.00000000
# frame 25 good=1
-0.23008462 -0.78081051 -0.58085801 -1.50559095
-0.95526853 0.29516796 -0.01838256 -1.24018671
0.18580397 0.55064583 -0.81379731 0.75351693
0.00000000 0.00000000 0.00000000 1.00000000
# frame 26 good=1
-0.23556204 -0.78260365 -0.57623090 -1.50487559
-0.95260825 0.30336043 -0.02258233 -1.24085692
0.19247867 0.54360277 -0.81697490 0.75350455
0.00000000 0.00000000 0.00000000 1.00000000
# frame 27 good=1
-0.24333893 -0.78553050 -0.56897100 -1.50436521
-0.95108795 0.30833941 -0.01893467 -1.24189988
0.19030994 0.53653392 -0.82213957 0.75522692
0.00000000 0.00000000 0.00000000 1.00000000
# frame 28 good=1
-0.23862172 -0.78746992 -0.56828761 -1.50480472
-0.95207540 0.30500705 -0.02287223 -1.24196034
0.19134292 0.53559484 -0.82251204 0.75581011
0.00000000 0.00000000 0.00000000 1.00000000
# frame 29 good=1
-0.24018661 -0.78834516 -0.56641178 -1.50504656
-0.95117693 0.30764487 -0.02484127 -1.24193352
0.19383717 0.53279127 -0.82374791 0.75630224
0.00000000 0.00000000 0.00000000 1.00000000
# frame 30 good=1
-0.24356307 -0.78882824 -0.56429340 -1.50559375
-0.95074668 0.30919704 -0.02186198 -1.24374720
0.19172319 0.53117530 -0.82528481 0.75642980
0.00000000 0.00000000 0.00000000 1.00000000
# frame 31 good=1
-0.24653098 -0.79017059 -0.56111756 -1.50616794
-0.95001448 0.31148271 -0.02123704 -1.24508260
0.19155931 0.52783422 -0.82746364 0.75782763
0.00000000 0.00000000 0.00000000 1.00000000
# frame 32 good=1
-0.24596332 -0.79179434 -0.55907403 -1.50754654
-0.95091349 0.30886778 -0.01908499 -1.24807513
0.18779135 0.52693682 -0.82889806 0.75962044
0.00000000 0.00000000 0.00000000 1.00000000
# frame 33 good=1
-0.24725039 -0.79093145 -0.55972734 -1.50683501
-0.95142229 0.30755574 -0.01432121 -1.24980917
0.18347445 0.52899614 -0.82855308 0.75959405
0.00000000 0.00000000 0.00000000 1.00000000
# frame 34 good=1
-0.24500490 -0.79235998 -0.55869336 -1.50648506
-0.95172316 0.30647054 -0.01728704 -1.25106517
0.18492062 0.52748600 -0.82919412 0.76002650
0.00000000 0.00000000 0.00000000 1.00000000
# frame 35 good=1
-0.24562309 -0.79596750 -0.55326760 -1.50711080
-0.95190945 0.30588151 -0.01746136 -1.25188450
0.18313300 0.52237175 -0.83282055 0.76065897
0.00000000 0.00000000 0.00000000 1.00000000
# frame 36 good=1
-0.24247446 -0.80038120 -0.54826643 -1.50729165
-0.95270310 0.30316042 -0.02122640 -1.25154661
0.18320189 0.51718827 -0.83603431 0.76145450
0.00000000 0.00000000 0.00000000 1.00000000
# frame 37 good=1
-0.24373265 -0.80074656 -0.54717396 -1.50706524
-0.95203784 0.30515252 -0.02249217 -1.25179106
0.18498203 0.51544824 -0.83671665 0.76145870
0.00000000 0.00000000 0.00000000 1.00000000
# frame 38 good=1
-0.24997204 -0.80261132 -0.54159860 -1.50752657
-0.95072302 0.30941325 -0.01972753 -1.25423775
0.18341133 0.50997893 -0.84040572 0.76374889
0.00000000 0.00000000 0.00000000 1.00000000
# frame 39 good=1
-0.25222104 -0.80279743 -0.54027848 -1.50786583
-0.95051927 0.31019051 -0.01717481 -1.25629666
0.18137715 0.50921326 -0.84131099 0.76378145
0.00000000 0.00000000 0.00000000 1.00000000
# frame 40 good=1
-0.25504099 -0.80372474 -0.53756919 -1.50849420
-0.95011119 0.31154884 -0.01503474 -1.25781258
0.17956285 0.50691603 -0.84308560 0.76416920
0.00000000 0.00000000 0.00000000 1.00000000
# frame 41 good=1
-0.25819502 -0.80503571 -0.53409067 -1.50937254
-0.95043758 0.31078578 -0.00897863 -1.26004615
0.17321590 0.50530160 -0.84537953 0.76468522
0.00000000 0.00000000 0.00000000 1.00000000
# frame 42 good=1
-0.26483456 -0.80228541 -0.53497736 -1.51074136
-0.95025623 0.31145133 0.00334188 -1.26275292
0.16393827 0.50925062 -0.84485978 0.76535496
0.00000000 0.00000000 0.00000000 1.00000000
# frame 43 good=1
-0.26602794 -0.80305633 -0.53322572 -1.51057667
-0.95032645 0.31120755 0.00543147 -1.26300543
0.16158209 0.50818343 -0.84595557 0.76632092
0.00000000 0.00000000 0.00000000 1.00000000
# frame 44 good=1
-0.26735986 -0.80266478 -0.53314909 -1.50998235
-0.95075282 0.30977544 0.01040480 -1.26337503
0.15680492 0.50967483 -0.84595732 0.76738908
0.00000000 0.00000000 0.00000000 1.00000000
# frame 45 good=1
-0.26915329 -0.80091197 -0.53487991 -1.51103558
-0.95116849 0.30819540 0.01714916 -1.26423556
0.15111256 0.51337667 -0.84475404 0.76684599
0.00000000 0.00000000 0.00000000 1.00000000
# frame 46 good=1
-0.27219445 -0.80218621 -0.53142023 -1.51137606
-0.95124077 0.30759779 0.02290418 -1.26490051
0.14509027 0.51174298 -0.84679864 0.76748855
0.00000000 0.00000000 0.00000000 1.00000000
# frame 47 good=1
-0.27441163 -0.80202289 -0.53052572 -1.51113094
-0.95172647 0.30542317 0.03055165 -1.26617051
0.13753173 0.51329910 -0.84711809 0.76928528
0.00000000 0.00000000 0.00000000 1.00000000
# frame 48 good=1
-0.27038785 -0.80098800 -0.53414290 -1.51185459
-0.95376991 0.29846510 0.03523557 -1.26655170
0.13119974 0.51897669 -0.84465959 0.76924108
0.00000000 0.00000000 0.00000000 1.00000000
# frame 49 good=1
-0.26675153 -0.79996734 -0.53749035 -1.51121558
-0.95532669 0.29311650 0.03786342 -1.26742555
0.12725780 0.52357900 -0.84241942 0.76823800
0.00000000 0.00000000 0.00000000 1.00000000
# frame 50 good=1
-0.26155572 -0.80248890 -0.53628367 -1.51069034
-0.95815087 0.28285453 0.04404800 -1.27017444
0.11634223 0.52536167 -0.84288766 0.77007805
0.00000000 0.00000000 0.00000000 1.00000000
# frame 51 good=1
-0.26303404 -0.80155469 -0.53695732 -1.51045588
-0.95816000 0.28214898 0.04818047 -1.27179978
0.11288268 0.52716414 -0.84223244 0.77001332
0.00000000 0.00000000 0.00000000 1.00000000
# frame 52 good=1
-0.25944943 -0.80506388 -0.53343992 -1.50948330
-0.96112545 0.26927130 0.06108065 -1.27457789
0.09446623 0.52855002 -0.84362966 0.77380252
0.00000000 0.00000000 0.00000000 1.00000000
# frame 53 good=1
-0.25594149 -0.80350341 -0.53747207 -1.50898995
-0.96243736 0.26390737 0.06377481 -1.27592357
0.09059956 0.53360582 -0.84086654 0.77442598
0.00000000 0.00000000 0.00000000 1.00000000
# frame 54 good=1
-0.24948905 -0.80345670 -0.54056688 -1.51026397
-0.96453867 0.25583497 0.06491243 -1.27601174
0.08614159 0.53759260 -0.83879307 0.77465739
0.00000000 0.00000000 0.00000000 1.00000000
# frame 55 good=1
-0.25008961 -0.80140329 -0.54333043 -1.51026490
-0.96432264 0.25648365 0.06555906 -1.27803489
0.08681612 0.54034147 -0.83695523 0.77572708
0.00000000 0.00000000 0.00000000 1.00000000
# frame 56 good=1
-0.24725190 -0.80011901 -0.54651264 -1.51049237
-0.96508176 0.25371123 0.06517530 -1.27839916
0.08650840 0.54354409 -0.83491084 0.77592289
0.00000000 0.00000000 0.00000000 1.00000000
# frame 57 good=1
-0.24752827 -0.79605782 -0.55228770 -1.50964232
-0.96530033 0.25158353 0.07000715 -1.27968215
0.08321675 0.55045225 -0.83070891 0.77553865
0.00000000 0.00000000 0.00000000 1.00000000
# frame 58 good=1
-0.24466795 -0.79710341 -0.55205412 -1.51042219
-0.96643844 0.24647274 0.07244262 -1.27882722
0.07832203 0.55125071 -0.83065535 0.77683940
0.00000000 0.00000000 0.00000000 1.00000000
# frame 59 good=1
-0.24223631 -0.79665626 -0.55376924 -1.51167115
-0.96781195 0.23857581 0.08013497 -1.28121465
0.06827591 0.55535608 -0.82880518 0.77807339
0.00000000 0.00000000 0.00000000 1.00000000
# frame 60 good=1
-0.24218196 -0.79541249 -0.55557796 -1.51235401
-0.96810737 0.23597517 0.08416558 -1.28237059
0.06415625 0.55824250 -0.82719362 0.77884718
0.00000000 0.00000000 0.00000000 1.00000000
# frame 61 good=1
-0.23836672 -0.79546258 -0.55715401 -1.51168063
-0.96895065 0.23360007 0.08102870 -1.28307355
0.06569592 0.55916928 -0.82644646 0.77823923
0.00000000 0.00000000 0.00000000 1.00000000
# frame 62 good=1
-0.23250261 -0.79294807 -0.56318371 -1.51194888
-0.97053657 0.22681636 0.08132105 -1.29025946
0.06325591 0.56549774 -0.82232049 0.78121440
0.00000000 0.00000000 0.00000000 1.00000000
# frame 63 good=1
-0.23623267 -0.79463475 -0.55924032 -1.51177150
-0.96951316 0.23131239 0.08086294 -1.29086930
0.06510272 0.56129332 -0.82505239 0.78206472
0.00000000 0.00000000 0.00000000 1.00000000
# frame 64 good=1
-0.23495987 -0.79163487 -0.56401072 -1.51062216
-0.96974058 0.23049887 0.08045800 -1.29103318
0.06631047 0.56584848 -0.82183844 0.78217865
0.00000000 0.00000000 0.00000000 1.00000000
# frame 65 good=1
-0.23272594 -0.78827436 -0.56961580 -1.50970011
-0.97020287 0.22877816 0.07979311 -1.29211311
0.06741679 0.57121282 -0.81802866 0.78104748
0.00000000 0.00000000 0.00000000 1.00000000
# frame 66 good=1
-0.23120457 -0.79091109 -0.56657223 -1.50905212
-0.97083147 0.22555609 0.08130625 -1.29289078
0.06348780 0.56884453 -0.81999097 0.78134020
0.00000000 0.00000000 0.00000000 1.00000000
# frame 67 good=1
-0.22670209 -0.79419231 -0.56379494 -1.50875221
-0.97238722 0.21748567 0.08463498 -1.29484914
0.05540087 0.56741392 -0.82156691 0.78241426
0.00000000 0.00000000 0.00000000 1.00000000
# frame 68 good=1
-0.21701258 -0.79719524 -0.56336958 -1.50797085
-0.97486338 0.20682469 0.08285494 -1.29417011
0.05046717 0.56718894 -0.82204001 0.78316574
0.00000000 0.00000000 0.00000000 1.00000000
# frame 69 good=1
-0.21709228 -0.79805027 -0.56212695 -1.50783231
-0.97501135 0.20509559 0.08537368 -1.29554691
0.04715727 0.56661413 -0.82263274 0.78275375
0.00000000 0.00000000 0.00000000 1.00000000
# frame 70 good=1
-0.21597402 -0.80437323 -0.55347893 -1.50839717
-0.97565309 0.19994172 0.09013524 -1.29739439
0.03816115 0.55947029 -0.82797145 0.78362764
0.00000000 0.00000000 0.00000000 1.00000000
# frame 71 good=1
-0.21581928 -0.80608799 -0.55103919 -1.50854999
-0.97582650 0.19795026 0.09261926 -1.29813779
0.03441908 0.55770766 -0.82932351 0.78412438
0.00000000 0.00000000 0.00000000 1.00000000
# frame 72 good=1
-0.21170515 -0.80939029 -0.54778490 -1.50468705
-0.97701048 0.18967907 0.09732607 -1.29860128
0.02512855 0.55579602 -0.83093883 0.78546032
0.00000000 0.00000000 0.00000000 1.00000000
# frame 73 good=1
-0.20827757 -0.81087154 -0.54690749 -1.50374156
-0.97785520 0.18434706 0.09907255 -1.29924401
0.02048567 0.55543092 -0.83131031 0.78681493
0.00000000 0.00000000 0.00000000 1.00000000
# frame 74 good=1
-0.20953849 -0.81227264 -0.54434069 -1.50387165
-0.97764573 0.18394053 0.10185634 -1.30024220
0.01739119 0.55351517 -0.83265749 0.78759987
0.00000000 0.00000000 0.00000000 1.00000000
# frame 75 good=1
-0.20243580 -0.80956833 -0.55101622 -1.50351984
-0.97918248 0.17588065 0.10132947 -1.30130427
0.01487996 0.56005814 -0.82831966 0.78802122
0.00000000 0.00000000 0.00000000 1.00000000
# frame 76 good=1
-0.20454860 -0.80819745 -0.55224700 -1.50231203
-0.97869946 0.17896211 0.10059789 -1.30148335
0.01752833 0.56106100 -0.82758885 0.78758119
0.00000000 0.00000000 0.00000000 1.00000000
# frame 77 good=1
-0.20478352 -0.80964968 -0.55002828 -1.50236068
-0.97868187 0.17836656 0.10181929 -1.30266865
0.01566869 0.55915362 -0.82891599 0.78832578
0.00000000 0.00000000 0.00000000 1.00000000
# frame 78 good=1
-0.20287077 -0.80987744 -0.55040166 -1.50322753
-0.97906877 0.17715971 0.10019372 -1.30269343
0.01636437 0.55920745 -0.82886623 0.78972302
0.00000000 0.00000000 0.00000000 1.00000000
# frame 79 good=1
-0.19955097 -0.80570780 -0.55768661 -1.49985002
-0.97978670 0.17222419 0.10176866 -1.30455953
0.01405132 0.56672195 -0.82378929 0.78903270
0.00000000 0.00000000 0.00000000 1.00000000
# frame 80 good=1
-0.19369086 -0.80683484 -0.55812310 -1.49984455
-0.98095725 0.16761340 0.09812553 -1.30378062
0.01437781 0.56650092 -0.82393567 0.79036460
0.00000000 0.00000000 0.00000000 1.00000000
# frame 81 good=1
-0.19476359 -0.80421228 -0.56152449 -1.49878045
-0.98078149 0.16645479 0.10178636 -1.30491216
0.01161059 0.57055711 -0.82117585 0.79032197
0.00000000 0.00000000 0.00000000 1.00000000
# frame 82 good=1
-0.17331881 -0.80110934 -0.57287382 -1.49580513
-0.98471910 0.13092159 0.11483828 -1.30473135
-0.01699647 0.58402343 -0.81155884 0.79529132
0.00000000 0.00000000 0.00000000 1.00000000
# frame 83 good=1
-0.17461100 -0.79905156 -0.57534998 -1.49510308
-0.98435230 0.12759613 0.12153099 -1.30450049
-0.02369710 0.58756773 -0.80882793 0.79668524
0.00000000 0.00000000 0.00000000 1.00000000
# frame 84 good=1
-0.17448893 -0.79734216 -0.57775348 -1.49451786
-0.98410903 0.12160546 0.12938906 -1.30565893
-0.03290937 0.59114938 -0.80589043 0.79708661
0.00000000 0.00000000 0.00000000 1.00000000
# frame 85 good=1
-0.17453353 -0.79553842 -0.58022122 -1.49355835
-0.98381257 0.11657683 0.13609798 -1.30744421
-0.04063082 0.59458259 -0.80300727 0.79709302
0.00000000 0.00000000 0.00000000 1.00000000
# frame 86 good=1
-0.16647279 -0.79672632 -0.58095953 -1.49248231
-0.98493100 0.10634647 0.13638675 -1.30652789
-0.04687992 0.59490974 -0.80242425 0.79956722
0.00000000 0.00000000 0.00000000 1.00000000
# frame 87 good=1
-0.16255744 -0.79593612 -0.58314729 -1.49364676
-0.98530639 0.09955448 0.13878119 -1.30783145
-0.05240604 0.59713867 -0.80042427 0.80042753
0.00000000 0.00000000 0.00000000 1.00000000
# frame 88 good=1
-0.15725597 -0.79372520 -0.58759753 -1.49377655
-0.98599360 0.09271427 0.13863865 -1.30738420
-0.05556231 0.60116917 -0.79718785 0.80169072
0.00000000 0.00000000 0.00000000 1.00000000
# frame 89 good=1
-0.15505075 -0.79640814 -0.58454541 -1.49455323
-0.98568965 0.08509756 0.14551398 -1.30955706
-0.06614513 0.59874241 -0.79820570 0.80309797
0.00000000 0.00000000 0.00000000 1.00000000
# frame 90 good=1
-0.15273817 -0.79487155 -0.58723953 -1.49408511
-0.98569392 0.07968019 0.14852129 -1.30963037
-0.07126399 0.60152330 -0.79567026 0.80361143
0.00000000 0.00000000 0.00000000 1.00000000
# frame 91 good=1
-0.14363566 -0.79374735 -0.59104479 -1.49434411
-0.98655025 0.06776064 0.14875178 -1.30273602
-0.07802176 0.60446145 -0.79280449 0.80696814
0.00000000 0.00000000 0.00000000 1.00000000
# frame 92 good=1
-0.14378788 -0.78158163 -0.60700511 -1.48995086
-0.98387286 0.04696003 0.17259475 -1.29195324
-0.10639191 0.62203289 -0.77572924 0.81316768
0.00000000 0.00000000 0.00000000 1.00000000
# frame 93 good=1
-0.14290409 -0.78426819 -0.60373987 -1.48907957
-0.98326315 0.04284368 0.17708188 -1.29217641
-0.11301325 0.61894089 -0.77726455 0.81429857
0.00000000 0.00000000 0.00000000 1.00000000
# frame 94 good=1
-0.14061180 -0.78583970 -0.60223275 -1.48887173
-0.98293912 0.03795647 0.17997217 -1.29248669
-0.11857065 0.61726434 -0.77776972 0.81559854
0.00000000 0.00000000 0.00000000 1.00000000
# frame 95 good=1
-0.13572810 -0.78172310 -0.60867634 -1.48721873
-0.98223992 0.02584082 0.18584129 -1.29326559
-0.12954774 0.62309008 -0.77134696 0.81567116
0.00000000 0.00000000 0.00000000 1.00000000
# frame 96 good=1
-0.13573379 -0.78026791 -0.61053937 -1.48606682
-0.98177299 0.02318273 0.18863817 -1.29183161
-0.13303434 0.62501563 -0.76919264 0.81628309
0.00000000 0.00000000 0.00000000 1.00000000
# frame 97 good=1
-0.13355514 -0.77764020 -0.61436044 -1.48453460
-0.98192672 0.01995064 0.18820702 -1.28816296
-0.13410046 0.62839295 -0.76625020 0.81634328
0.00000000 0.00000000 0.00000000 1.00000000
# frame 98 good=1
-0.13244139 -0.77624975 -0.61635672 -1.48480587
-0.98113504 0.01431728 0.19279274 -1.28725555
-0.14083076 0.63026292 -0.76350203 0.81775946
0.00000000 0.00000000 0.00000000 1.00000000
# frame 99 good=1
-0.12649544 -0.77326989 -0.62133130 -1.48347714
-0.98131685 0.00600972 0.19230476 -1.28149240
-0.14496945 0.63404855 -0.75958297 0.81837304
0.00000000 0.00000000 0.00000000 1.00000000
# frame 100 good=1
-0.12719918 -0.77177855 -0.62303952 -1.48334700
-0.98091392 0.00474512 0.19438456 -1.28190909
-0.14706544 0.63587369 -0.75765190 0.81797397
0.00000000 0.00000000 0.00000000 1.00000000
# frame 101 good=1
-0.12624581 -0.76876532 -0.62694647 -1.48368549
-0.98052090 0.00084059 0.19641300 -1.28300526
-0.15046850 0.63953043 -0.75389658 0.81753882
0.00000000 0.00000000 0.00000000 1.00000000
# frame 102 good=1
-0.12181490 -0.77096608 -0.62511793 -1.48189374
-0.97996349 -0.00657263 0.19906873 -1.27970043
-0.15758391 0.63684229 -0.75471797 0.81889896
0.00000000 0.00000000 0.00000000 1.00000000
# frame 103 good=1
-0.12052794 -0.77377901 -0.62188347 -1.48288182
-0.97873812 -0.01210833 0.20475614 -1.28140507
-0.16596597 0.63333990 -0.75586763 0.82039492
0.00000000 0.00000000 0.00000000 1.00000000
# frame 104 good=1
-0.12332521 -0.77447196 -0.62047085 -1.48279256
-0.97760200 -0.01263709 0.21008246 -1.28361737
-0.17054392 0.63248201 -0.75556686 0.81969608
0.00000000 0.00000000 0.00000000 1.00000000
# frame 105 good=1
-0.12636666 -0.78000131 -0.61288615 -1.48302656
-0.97736367 -0.00778462 0.21142295 -1.28480658
-0.16968126 0.62572946 -0.76136122 0.82069181
0.00000000 0.00000000 0.00000000 1.00000000
# frame 106 good=1
-0.12377355 -0.77724005 -0.61691006 -1.48214990
-0.97856043 -0.00753159 0.20582215 -1.28192468
-0.16461953 0.62915911 -0.75964414 0.82120179
0.00000000 0.00000000 0.00000000 1.00000000
# frame 107 good=1
-0.12311641 -0.77620007 -0.61834925 -1.48253615
-0.97732964 -0.01331427 0.21130430 -1.28491210
-0.17224728 0.63034608 -0.75696413 0.82097700
0.00000000 0.00000000 0.00000000 1.00000000
# frame 108 good=1
-0.12067099 -0.78039398 -0.61353381 -1.48185386
-0.97751945 -0.01423304 0.21036431 -1.28483356
-0.17289949 0.62512611 -0.76113278 0.82150278
0.00000000 0.00000000 0.00000000 1.00000000
# frame 109 good=1
-0.11992253 -0.78187627 -0.61179088 -1.48191156
-0.97796450 -0.01303916 0.20836366 -1.28466311
-0.17089184 0.62329726 -0.76308355 0.82197126
0.00000000 0.00000000 0.00000000 1.00000000
# frame 110 good=1
-0.12036681 -0.77818172 -0.61639682 -1.48176831
-0.97751101 -0.01539699 0.21032155 -1.28525265
-0.17315904 0.62785041 -0.75882792 0.82127560
0.00000000 0.00000000 0.00000000 1.00000000
# frame 111 good=1
-0.12231821 -0.77987939 -0.61386187 -1.48245155
-0.97608222 -0.01747713 0.21669807 -1.28692328
-0.17972691 0.62568577 -0.75908863 0.82099128
0.00000000 0.00000000 0.00000000 1.00000000
# frame 112 good=1
-0.11675827 -0.77695835 -0.61863013 -1.48251516
-0.97693678 -0.02227785 0.21236341 -1.28107552
-0.17877927 0.62915771 -0.75643807 0.81879616
0.00000000 0.00000000 0.00000000 1.00000000
# frame 113 good=1
-0.11889990 -0.78228824 -0.61146376 -1.48399425
-0.97683580 -0.01818784 0.21321592 -1.28093522
-0.17791751 0.62265104 -0.76200462 0.81703477
0.00000000 0.00000000 0.00000000 1.00000000
# frame 114 good=1
-0.11860734 -0.78046172 -0.61384998 -1.48349319
-0.97732239 -0.01745981 0.21103580 -1.27930105
-0.17542307 0.62495972 -0.76069185 0.81594046
0.00000000 0.00000000 0.00000000 1.00000000
# frame 115 good=1
-0.12027550 -0.77993939 -0.61418918 -1.48413497
-0.97590251 -0.02057363 0.21723492 -1.28166487
-0.18206617 0.62551681 -0.75867031 0.81436360
0.00000000 0.00000000 0.00000000 1.00000000
# frame 116 good=1
-0.11755544 -0.77803411 -0.61712531 -1.48424291
-0.97695977 -0.02086204 0.21240146 -1.28167302
-0.17813007 0.62787555 -0.75765558 0.81260133
0.00000000 0.00000000 0.00000000 1.00000000
# frame 117 good=1
-0.11530009 -0.77992848 -0.61515645 -1.48493183
-0.97766356 -0.02045408 0.20917836 -1.28094814
-0.17572662 0.62553433 -0.76014930 0.81257757
0.00000000 0.00000000 0.00000000 1.00000000
# frame 118 good=1
-0.11577876 -0.77931409 -0.61584481 -1.48555873
-0.97715955 -0.02186824 0.21137881 -1.28184153
-0.17819792 0.62625181 -0.75898233 0.81151617
0.00000000 0.00000000 0.00000000 1.00000000
# frame 119 good=1
-0.11582181 -0.78180924 -0.61266599 -1.48542229
-0.97720657 -0.02079285 0.21126990 -1.28072636
-0.17791183 0.62317090 -0.76158086 0.81186925
0.00000000 0.00000000 0.00000000 1.00000000
# frame 120 good=1
-0.12316285 -0.78610444 -0.60569854 -1.48541990
-0.97560893 -0.01584381 0.21894335 -1.28082632
-0.18170892 0.61789059 -0.76497915 0.81063070
0.00000000 0.00000000 0.00000000 1.00000000
# frame 121 good=1
-0.12463393 -0.78736273 -0.60376015 -1.48614498
-0.97533606 -0.01450052 0.22024828 -1.28073170
-0.18217013 0.61631945 -0.76613600 0.81000692
0.00000000 0.00000000 0.00000000 1.00000000
# frame 122 good=1
-0.13317276 -0.79177901 -0.59611326 -1.48762674
-0.97418417 -0.00605248 0.22567359 -1.27991209
-0.18229157 0.61077767 -0.77053255 0.80852707
0.00000000 0.00000000 0.00000000 1.00000000
# frame 123 good=1
-0.13184939 -0.78902664 -0.60004392 -1.48833352
-0.97334101 -0.01155663 0.22907143 -1.27891360
-0.18767794 0.61425028 -0.76646825 0.80738522
0.00000000 0.00000000 0.00000000 1.00000000
# frame 124 good=1
-0.13206580 -0.78872285 -0.60039561 -1.48896666
-0.97124230 -0.01809124 0.23740491 -1.28072805
-0.19810858 0.61448268 -0.76365177 0.80650239
0.00000000 0.00000000 0.00000000 1.00000000
# frame 125 good=1
-0.13561631 -0.79020741 -0.59764577 -1.48893524
-0.97089140 -0.01420816 0.23909833 -1.28045465
-0.19742872 0.61267477 -0.76527872 0.80678147
0.00000000 0.00000000 0.00000000 1.00000000
# frame 126 good=1
-0.14112250 -0.78948354 -0.59732753 -1.49084290
-0.96971118 -0.01126874 0.24399436 -1.28122840
-0.19936066 0.61366828 -0.76398074 0.80608865
0.00000000 0.00000000 0.00000000 1.00000000
# frame 127 good=1
-0.14450285 -0.78719366 -0.59953738 -1.49165677
-0.96823426 -0.01246483 0.24973395 -1.28393988
-0.20406211 0.61657990 -0.76038667 0.80495065
0.00000000 0.00000000 0.00000000 1.00000000
# frame 128 good=1
-0.14443699 -0.78577894 -0.60140620 -1.49211322
-0.96895704 -0.01092750 0.24698754 -1.28302117
-0.20064947 0.61841091 -0.75980770 0.80452155
0.00000000 0.00000000 0.00000000 1.00000000
# frame 129 good=1
-0.14378541 -0.78668373 -0.60037860 -1.49242924
-0.96868971 -0.01219712 0.24797473 -1.28335103
-0.20240058 0.61723572 -0.76029867 0.80393222
0.00000000 0.00000000 0.00000000 1.00000000
# frame 130 good=1
-0.14200072 -0.78854183 -0.59836241 -1.49319697
-0.96831744 -0.01478755 0.24928432 -1.28438646
-0.20541943 0.61480331 -0.76145896 0.80406327
0.00000000 0.00000000 0.00000000 1.00000000
# frame 131 good=1
-0.13982181 -0.78778265 -0.59987363 -1.49416278
-0.96922244 -0.01508651 0.24572396 -1.28278699
-0.20262707 0.61576854 -0.76142719 0.80481504
0.00000000 0.00000000 0.00000000 1.00000000
# frame 132 good=1
-0.14024162 -0.78758305 -0.60003769 -1.49584894
-0.96852357 -0.01675558 0.24835728 -1.28222851
-0.20565596 0.61598068 -0.76044292 0.80605958
0.00000000 0.00000000 0.00000000 1.00000000
# frame 133 good=1
-0.13968725 -0.78691630 -0.60104093 -1.49784660
-0.96751762 -0.02069527 0.25195508 -1.28232603
-0.21070626 0.61671260 -0.75846452 0.80674420
0.00000000 0.00000000 0.00000000 1.00000000
# frame 134 good=1
-0.13595762 -0.78395410 -0.60574870 -1.49725482
-0.96863298 -0.02318544 0.24741176 -1.28094015
-0.20800402 0.62038568 -0.75621157 0.80635808
0.00000000 0.00000000 0.00000000 1.00000000
# frame 135 good=1
-0.13296676 -0.78478127 -0.60534139 -1.49671317
-0.96888204 -0.02573306 0.24618164 -1.27999904
-0.20877603 0.61923838 -0.75693883 0.80614874
0.00000000 0.00000000 0.00000000 1.00000000
# frame 136 good=1
-0.13049881 -0.78318217 -0.60794387 -1.49683815
-0.96906635 -0.02879768 0.24511447 -1.27816043
-0.20947666 0.62112509 -0.75519742 0.80547937
0.00000000 0.00000000 0.00000000 1.00000000
# frame 137 good=1
-0.13136407 -0.78354018 -0.60729587 -1.49667652
-0.96888015 -0.02816900 0.24592228 -1.27750047
-0.20979690 0.62070226 -0.75545613 0.80548683
0.00000000 0.00000000 0.00000000 1.00000000
