# frame 0
1.00000000 0.00000000 0.00000000 0.00000000
0.00000000 1.00000000 0.00000000 0.00000000
0.00000000 0.00000000 1.00000000 0.00000000
0.00000000 0.00000000 0.00000000 1.00000000
# frame 1
1.00000000 0.00000000 0.00000000 0.00000000
0.00000000 1.00000000 0.00000000 0.00000000
0.00000000 0.00000000 1.00000000 0.00000000
0.00000000 0.00000000 0.00000000 1.00000000
# frame 2
0.99999688 -0.00127596 -0.00214663 0.00039371
0.00127149 0.99999702 -0.00208436 0.00021831
0.00214929 0.00208162 0.99999552 0.00007433
0.00000000 0.00000000 0.00000000 1.00000000
# frame 3
0.99999087 -0.00285162 -0.00318308 -0.00046174
0.00283964 0.99998889 -0.00376189 -0.00037871
0.00319378 0.00375281 0.99998786 0.00005185
0.00000000 0.00000000 0.00000000 1.00000000
# frame 4
0.99999029 -0.00140022 -0.00417766 -0.00128607
0.00137513 0.99998104 -0.00600320 -0.00144989
0.00418598 0.00599739 0.99997325 -0.00095671
0.00000000 0.00000000 0.00000000 1.00000000
# frame 5
0.99997936 -0.00280141 -0.00578218 -0.00121267
0.00274952 0.99995606 -0.00896234 -0.00093900
0.00580704 0.00894626 0.99994312 -0.00061914
0.00000000 0.00000000 0.00000000 1.00000000
# frame 6
0.99995631 -0.00311011 -0.00881534 -0.00152688
0.00300176 0.99992012 -0.01227794 -0.00143445
0.00885282 0.01225094 0.99988576 -0.00091896
0.00000000 0.00000000 0.00000000 1.00000000
# frame 7
0.99992063 -0.00585829 -0.01115372 -0.00101149
0.00568556 0.99986439 -0.01545560 -0.00096963
0.01124275 0.01539096 0.99981834 -0.00127040
0.00000000 0.00000000 0.00000000 1.00000000
# frame 8
0.99992238 -0.00759271 -0.00987805 -0.00106244
0.00741506 0.99981233 -0.01789736 -0.00031128
0.01001209 0.01782272 0.99979103 -0.00077748
0.00000000 0.00000000 0.00000000 1.00000000
# frame 9
0.99988718 -0.00866522 -0.01226935 -0.00029092
0.00840867 0.99974811 -0.02080879 0.00011089
0.01244657 0.02070327 0.99970819 -0.00121970
0.00000000 0.00000000 0.00000000 1.00000000
# frame 10
0.99989777 -0.00845522 -0.01153078 0.00022294
0.00818837 0.99970201 -0.02299645 0.00129500
0.01172178 0.02289969 0.99966905 -0.00178809
0.00000000 0.00000000 0.00000000 1.00000000
# frame 11
0.99994339 -0.00577213 -0.00893901 -0.00062094
0.00558181 0.99976027 -0.02117194 0.00225557
0.00905907 0.02112085 0.99973589 -0.00184805
0.00000000 0.00000000 0.00000000 1.00000000
# frame 12
0.99994548 -0.00637492 -0.00827002 0.00082331
0.00626662 0.99989513 -0.01305633 0.00111678
0.00835239 0.01300380 0.99988056 -0.00281480
0.00000000 0.00000000 0.00000000 1.00000000
# frame 13
0.99995330 -0.00807965 -0.00530345 0.00150012
0.00799940 0.99985575 -0.01498265 0.00117943
0.00542374 0.01493953 0.99987369 -0.00226487
0.00000000 0.00000000 0.00000000 1.00000000
# frame 14
0.99992270 -0.01163747 -0.00437661 0.00199110
0.01154838 0.99973613 -0.01985717 -0.00017426
0.00460654 0.01980509 0.99979325 -0.00259332
0.00000000 0.00000000 0.00000000 1.00000000
# frame 15
0.99990821 -0.01179102 -0.00667473 0.00295037
0.01163762 0.99967745 -0.02257340 0.00185884
0.00693874 0.02249365 0.99972291 -0.00317962
0.00000000 0.00000000 0.00000000 1.00000000
# frame 16
0.99993481 -0.01128009 0.00176893 0.00232688
0.01128061 0.99993633 -0.00027987 0.00227605
-0.00176566 0.00029981 0.99999840 -0.00224588
0.00000000 0.00000000 0.00000000 1.00000000
# frame 17
0.99991929 -0.01250515 0.00224534 0.00371709
0.01248204 0.99987182 0.01002680 0.00277848
-0.00237044 -0.00999796 0.99994721 -0.00157761
0.00000000 0.00000000 0.00000000 1.00000000
# frame 18
0.99988498 -0.01084584 0.01060142 0.00444145
0.01051891 0.99948178 0.03042234 0.00296615
-0.01092589 -0.03030733 0.99948091 -0.00134397
0.00000000 0.00000000 0.00000000 1.00000000
# frame 19
0.99960607 -0.01474867 0.02387830 0.00823788
0.01282109 0.99679555 0.07895727 0.00870932
-0.02496630 -0.07862002 0.99659198 -0.00050807
0.00000000 0.00000000 0.00000000 1.00000000
# frame 20
0.99965234 -0.01312145 0.02286969 0.00891074
0.01066915 0.99449564 0.10423338 0.01009849
-0.02411150 -0.10395314 0.99428989 -0.00226304
0.00000000 0.00000000 0.00000000 1.00000000
# frame 21
0.99965905 -0.00816785 0.02480070 0.00954502
0.00489057 0.99157555 0.12943726 0.00966965
-0.02564899 -0.12927184 0.99127742 -0.00069893
0.00000000 0.00000000 0.00000000 1.00000000
# frame 22
0.99948717 -0.00651607 0.03135194 0.00800694
0.00200179 0.98987666 0.14191611 0.00868303
-0.03195929 -0.14178057 0.98938207 0.00026200
0.00000000 0.00000000 0.00000000 1.00000000
# frame 23
0.99960031 -0.00488376 0.02784532 0.00794490
0.00088435 0.98988517 0.14186814 0.00987017
-0.02825651 -0.14178681 0.98949384 -0.00094442
0.00000000 0.00000000 0.00000000 1.00000000
# frame 24
0.99966573 0.00171795 0.02579680 0.00774833
-0.00550567 0.98904867 0.14748700 0.01052141
-0.02526091 -0.14757973 0.98872752 -0.00124978
0.00000000 0.00000000 0.00000000 1.00000000
# frame 25
0.99962778 0.01752666 0.02090737 0.00793903
-0.02074950 0.98598708 0.16552623 0.01098435
-0.01771327 -0.16589844 0.98598375 -0.00065948
0.00000000 0.00000000 0.00000000 1.00000000
# frame 26
0.99965181 0.01986340 0.01736950 0.00768860
-0.02250832 0.98545150 0.16845986 0.01052665
-0.01377061 -0.16879217 0.98555547 -0.00005425
0.00000000 0.00000000 0.00000000 1.00000000
# frame 27
0.99961082 0.02577275 0.01067629 0.00725699
-0.02716604 0.98633408 0.16250259 0.01215289
-0.00634225 -0.16272938 0.98665036 -0.00078806
0.00000000 0.00000000 0.00000000 1.00000000
# frame 28
0.99958470 0.02858493 0.00364984 0.00858340
-0.02880570 0.98759925 0.15433066 0.01641269
0.00080695 -0.15437170 0.98801251 -0.00119591
0.00000000 0.00000000 0.00000000 1.00000000
# frame 29
0.99941579 0.03413064 -0.00178414 0.00994261
-0.03331150 0.98444658 0.17249717 0.01852744
0.00764383 -0.17233696 0.98500840 -0.00257805
0.00000000 0.00000000 0.00000000 1.00000000
# frame 30
0.99946390 0.03273977 -0.00012467 0.00948436
-0.03221213 0.98402302 0.17510303 0.01810120
0.00585551 -0.17500514 0.98455011 -0.00299451
0.00000000 0.00000000 0.00000000 1.00000000
# frame 31
0.99944736 0.03320662 -0.00151550 0.01019491
-0.03242737 0.98399124 0.17524184 0.01966947
0.00731043 -0.17509585 0.98452425 -0.00388021
0.00000000 0.00000000 0.00000000 1.00000000
# frame 32
0.99933369 0.03646777 -0.00150699 0.01069368
-0.03558027 0.98255627 0.18253007 0.02108594
0.00813716 -0.18235483 0.98319912 -0.00420759
0.00000000 0.00000000 0.00000000 1.00000000
# frame 33
0.99931279 0.03700373 -0.00216350 0.01155187
-0.03591709 0.98108800 0.19020067 0.02189299
0.00916072 -0.18999226 0.98174285 -0.00378140
0.00000000 0.00000000 0.00000000 1.00000000
# frame 34
0.99926578 0.03770986 -0.00677293 0.01236021
-0.03568030 0.98033986 0.19406356 0.02306281
0.01395788 -0.19367942 0.98096558 -0.00408425
0.00000000 0.00000000 0.00000000 1.00000000
# frame 35
0.99920167 0.03894819 -0.00889195 0.01253609
-0.03648345 0.98029381 0.19414688 0.02402748
0.01627839 -0.19366748 0.98093217 -0.00415747
0.00000000 0.00000000 0.00000000 1.00000000
# frame 36
0.99917674 0.03885249 -0.01167630 0.01313605
-0.03582597 0.98006800 0.19540524 0.02422576
0.01903554 -0.19482605 0.98065308 -0.00389956
0.00000000 0.00000000 0.00000000 1.00000000
# frame 37
0.99902873 0.04109575 -0.01589753 0.01395283
-0.03722553 0.98019225 0.19451841 0.02503621
0.02357652 -0.19373768 0.98077003 -0.00457966
0.00000000 0.00000000 0.00000000 1.00000000
# frame 38
0.99824075 0.05361522 -0.02531447 0.01549588
-0.04750781 0.97873886 0.19953260 0.02662107
0.03547424 -0.19797894 0.97956415 -0.00523523
0.00000000 0.00000000 0.00000000 1.00000000
# frame 39
0.99697289 0.06758020 -0.03844443 0.01887343
-0.05807912 0.97605622 0.20962125 0.02812517
0.05169017 -0.20675389 0.97702659 -0.00654644
0.00000000 0.00000000 0.00000000 1.00000000
# frame 40
0.99649174 0.07246913 -0.04186202 0.01956271
-0.06214213 0.97574413 0.20990891 0.02877776
0.05605854 -0.20657110 0.97682436 -0.00687309
0.00000000 0.00000000 0.00000000 1.00000000
# frame 41
0.99605977 0.07595814 -0.04577437 0.01998048
-0.06483735 0.97587255 0.20849193 0.02914199
0.06050661 -0.20470254 0.97695231 -0.00741641
0.00000000 0.00000000 0.00000000 1.00000000
# frame 42
0.99462838 0.08490603 -0.05920600 0.02243410
-0.07065176 0.97489404 0.21116332 0.02972320
0.07564862 -0.20584603 0.97565604 -0.00901820
0.00000000 0.00000000 0.00000000 1.00000000
# frame 43
0.99374749 0.09134499 -0.06420298 0.02312393
-0.07601091 0.97469199 0.21023289 0.03032829
0.08178186 -0.20403828 0.97554093 -0.00937779
0.00000000 0.00000000 0.00000000 1.00000000
# frame 44
0.99308619 0.09263534 -0.07210071 0.02504840
-0.07607298 0.97564951 0.20572054 0.03178118
0.08940202 -0.19881331 0.97595110 -0.00980438
0.00000000 0.00000000 0.00000000 1.00000000
# frame 45
0.99227621 0.09693433 -0.07740581 0.02590154
-0.07898525 0.97487136 0.20829586 0.03172055
0.09565173 -0.20057311 0.97499804 -0.00993922
0.00000000 0.00000000 0.00000000 1.00000000
# frame 46
0.99065898 0.10202379 -0.09047612 0.02786286
-0.08125830 0.97450159 0.20915005 0.03194140
0.10950740 -0.19984444 0.97368903 -0.01038928
0.00000000 0.00000000 0.00000000 1.00000000
# frame 47
0.99044425 0.10126732 -0.09362216 0.02859785
-0.08017874 0.97514513 0.20655107 0.03295210
0.11221207 -0.19707082 0.97394638 -0.01058269
0.00000000 0.00000000 0.00000000 1.00000000
# frame 48
0.98977574 0.10086694 -0.10084565 0.03013325
-0.07824434 0.97512582 0.20738237 0.03375030
0.11925523 -0.19737144 0.97304815 -0.01072722
0.00000000 0.00000000 0.00000000 1.00000000
# frame 49
0.98662259 0.10164470 -0.12745284 0.03414503
-0.07529740 0.97756194 0.19673065 0.03812614
0.14458967 -0.18450203 0.97213828 -0.01084320
0.00000000 0.00000000 0.00000000 1.00000000
# frame 50
0.98539985 0.10646205 -0.13286448 0.03443874
-0.07786605 0.97578904 0.20438354 0.03744336
0.15140679 -0.19105388 0.96983215 -0.01048060
0.00000000 0.00000000 0.00000000 1.00000000
# frame 51
0.98421699 0.10969304 -0.13886815 0.03441939
-0.08049108 0.97633253 0.20073857 0.03891016
0.15760112 -0.18639266 0.96975237 -0.00975715
0.00000000 0.00000000 0.00000000 1.00000000
# frame 52
0.98138345 0.11368870 -0.15479472 0.03590147
-0.08241767 0.97728530 0.19524541 0.03984682
0.17347580 -0.17885280 0.96846158 -0.00872479
0.00000000 0.00000000 0.00000000 1.00000000
# frame 53
0.98053454 0.11262845 -0.16083174 0.03630893
-0.08050047 0.97771339 0.19389742 0.03981164
0.17908571 -0.17717609 0.96774839 -0.00835294
0.00000000 0.00000000 0.00000000 1.00000000
# frame 54
0.97905272 0.11460611 -0.16828906 0.03711783
-0.08165421 0.97816812 0.19110132 0.04062313
0.18651637 -0.17335675 0.96703623 -0.00798991
0.00000000 0.00000000 0.00000000 1.00000000
# frame 55
0.97696432 0.12139480 -0.17551072 0.03753382
-0.08648161 0.97709621 0.19443230 0.04008332
0.19509393 -0.17477497 0.96508656 -0.00738902
0.00000000 0.00000000 0.00000000 1.00000000
# frame 56
0.97266871 0.12569669 -0.19523302 0.03919116
-0.08800411 0.97763940 0.19098818 0.03926749
0.21487407 -0.16858692 0.96198107 -0.00676883
0.00000000 0.00000000 0.00000000 1.00000000
# frame 57
0.96984615 0.12860931 -0.20702196 0.04168159
-0.08999209 0.97837932 0.18621313 0.04041164
0.22649475 -0.16196775 0.96045124 -0.00634986
0.00000000 0.00000000 0.00000000 1.00000000
# frame 58
0.96915599 0.12951019 -0.20967543 0.04304867
-0.09011630 0.97810092 0.18761034 0.03974803
0.22938118 -0.16292851 0.95960334 -0.00590203
0.00000000 0.00000000 0.00000000 1.00000000
# frame 59
0.96572066 0.12920444 -0.22514401 0.04728820
-0.08788999 0.97884849 0.18474571 0.03908327
0.24425184 -0.15862484 0.95664999 -0.00446353
0.00000000 0.00000000 0.00000000 1.00000000
# frame 60
0.96481513 0.12893210 -0.22914683 0.04823998
-0.08686119 0.97888224 0.18505322 0.03877352
0.24816706 -0.15863818 0.95563960 -0.00457702
0.00000000 0.00000000 0.00000000 1.00000000
# frame 61
0.96241865 0.13610571 -0.23500124 0.04988056
-0.09133651 0.97715830 0.19188353 0.03863263
0.25574985 -0.16320810 0.95286679 -0.00357644
0.00000000 0.00000000 0.00000000 1.00000000
# frame 62
0.96074112 0.13761818 -0.24091023 0.05088656
-0.09062287 0.97634170 0.19632725 0.03792587
0.26222890 -0.16678768 0.95048297 -0.00321087
0.00000000 0.00000000 0.00000000 1.00000000
# frame 63
0.95869571 0.14188602 -0.24651753 0.05217734
-0.09379962 0.97592206 0.19692070 0.03779202
0.26852219 -0.16566378 0.94892115 -0.00298474
0.00000000 0.00000000 0.00000000 1.00000000
# frame 64
0.95586113 0.15397748 -0.25024077 0.05326330
-0.10395476 0.97382606 0.20212919 0.03616130
0.27481433 -0.16719371 0.94684917 -0.00396814
0.00000000 0.00000000 0.00000000 1.00000000
# frame 65
0.95382198 0.16042445 -0.25394413 0.05401879
-0.10887334 0.97258622 0.20548148 0.03520945
0.27994682 -0.16834500 0.94514006 -0.00469562
0.00000000 0.00000000 0.00000000 1.00000000
# frame 66
0.95159669 0.16505912 -0.25926670 0.05506465
-0.11326592 0.97251833 0.20341814 0.03580177
0.28571764 -0.16420595 0.94414079 -0.00546399
0.00000000 0.00000000 0.00000000 1.00000000
# frame 67
0.94866979 0.17108529 -0.26599896 0.05703421
-0.11712008 0.97130104 0.20701973 0.03565558
0.29378310 -0.16523954 0.94148148 -0.00602090
0.00000000 0.00000000 0.00000000 1.00000000
# frame 68
0.94436454 0.18826799 -0.26968644 0.05820928
-0.13247977 0.96824321 0.21202406 0.03549491
0.30103941 -0.16450001 0.93931625 -0.00744759
0.00000000 0.00000000 0.00000000 1.00000000
# frame 69
0.93330127 0.21459409 -0.28792033 0.06231454
-0.15361376 0.96331932 0.22004251 0.03392096
0.32457903 -0.16113743 0.93203175 -0.00992579
0.00000000 0.00000000 0.00000000 1.00000000
# frame 70
0.93003775 0.22033523 -0.29407850 0.06384332
-0.15777532 0.96220801 0.22195202 0.03403152
0.33186854 -0.16002543 0.92965323 -0.01060231
0.00000000 0.00000000 0.00000000 1.00000000
# frame 71
0.92766365 0.22198663 -0.30027004 0.06538003
-0.15875076 0.96227758 0.22095260 0.03423026
0.33799165 -0.15730160 0.92791048 -0.01086023
0.00000000 0.00000000 0.00000000 1.00000000
# frame 72
0.92574920 0.22275799 -0.30556063 0.06773964
-0.15911955 0.96252338 0.21961264 0.03382531
0.34302972 -0.15468556 0.92650040 -0.01211189
0.00000000 0.00000000 0.00000000 1.00000000
# frame 73
0.92144181 0.23299185 -0.31090159 0.07131360
-0.17000131 0.96134618 0.21659429 0.03492938
0.34934875 -0.14672536 0.92543348 -0.01425648
0.00000000 0.00000000 0.00000000 1.00000000
# frame 74
0.91879094 0.23824364 -0.31474304 0.07295944
-0.17346310 0.95990189 0.22022471 0.03498760
0.35458957 -0.14774416 0.92327563 -0.01482376
0.00000000 0.00000000 0.00000000 1.00000000
# frame 75
0.91464017 0.24507739 -0.32151274 0.07468357
-0.17797560 0.95818171 0.22408145 0.03487563
0.36298492 -0.14773248 0.92000927 -0.01554316
0.00000000 0.00000000 0.00000000 1.00000000
# frame 76
0.90771951 0.26003025 -0.32928643 0.07568955
-0.18936292 0.95422114 0.23152473 0.03512726
0.37441550 -0.14780488 0.91540524 -0.01642794
0.00000000 0.00000000 0.00000000 1.00000000
# frame 77
0.89262259 0.27904112 -0.35406351 0.07871040
-0.19724788 0.94798421 0.24983838 0.03239913
0.40536180 -0.15317310 0.90123239 -0.01538425
0.00000000 0.00000000 0.00000000 1.00000000
# frame 78
0.89154820 0.27212448 -0.36206363 0.08072377
-0.18939380 0.95013209 0.24774787 0.03105016
0.41142654 -0.15230656 0.89862724 -0.01486609
0.00000000 0.00000000 0.00000000 1.00000000
# frame 79
0.87963821 0.28732500 -0.37905271 0.08492752
-0.19813713 0.94584034 0.25715312 0.02854071
0.43240987 -0.15109729 0.88892706 -0.01360726
0.00000000 0.00000000 0.00000000 1.00000000
# frame 80
0.87596151 0.29385732 -0.38254320 0.08571845
-0.20084685 0.94320247 0.26463113 0.02661938
0.43857949 -0.15497409 0.88522939 -0.01197213
0.00000000 0.00000000 0.00000000 1.00000000
# frame 81
0.87232684 0.29719208 -0.38823029 0.08664273
-0.20471930 0.94311348 0.26196750 0.02588190
0.44399988 -0.14904305 0.88354415 -0.01045641
0.00000000 0.00000000 0.00000000 1.00000000
# frame 82
0.86935533 0.30178681 -0.39133876 0.08702792
-0.20598758 0.94109942 0.26814361 0.02396800
0.44921089 -0.15250115 0.88031414 -0.00842190
0.00000000 0.00000000 0.00000000 1.00000000
# frame 83
0.86936913 0.29623663 -0.39552645 0.08799401
-0.20177550 0.94343323 0.26309767 0.02356077
0.45109197 -0.14892145 0.87996502 -0.00666740
0.00000000 0.00000000 0.00000000 1.00000000
# frame 84
0.86920535 0.29553996 -0.39640661 0.08892246
-0.20170306 0.94390651 0.26145052 0.02292045
0.45143985 -0.14729776 0.88005990 -0.00593923
0.00000000 0.00000000 0.00000000 1.00000000
# frame 85
0.86667352 0.30138929 -0.39754435 0.09084592
-0.20440547 0.94145054 0.26812179 0.02203474
0.45507738 -0.15111382 0.87753586 -0.00425298
0.00000000 0.00000000 0.00000000 1.00000000
# frame 86
0.86451515 0.31281950 -0.39339232 0.08994302
-0.21359592 0.93717379 0.27582980 0.02111405
0.45496191 -0.15443204 0.87701791 -0.00124848
0.00000000 0.00000000 0.00000000 1.00000000
# frame 87
0.85868151 0.32108943 -0.39945920 0.09161932
-0.21927087 0.93464412 0.27992973 0.02130346
0.46323467 -0.15278072 0.87296718 0.00125631
0.00000000 0.00000000 0.00000000 1.00000000
# frame 88
0.85974717 0.32387626 -0.39489109 0.09119100
-0.22045291 0.93280451 0.28508990 0.02016007
0.46069004 -0.15805035 0.87337550 0.00339190
0.00000000 0.00000000 0.00000000 1.00000000
# frame 89
0.85560117 0.33023826 -0.39860924 0.09408588
-0.22179078 0.92967102 0.29414393 0.01840938
0.46771304 -0.16326204 0.86867141 0.00961453
0.00000000 0.00000000 0.00000000 1.00000000
# frame 90
0.85067561 0.33617395 -0.40415106 0.09525823
-0.22633120 0.92810977 0.29561198 0.01928925
0.47447359 -0.15999791 0.86560700 0.01015357
0.00000000 0.00000000 0.00000000 1.00000000
# frame 91
0.84458763 0.34880831 -0.40620746 0.09573039
-0.23333708 0.92262816 0.30710109 0.01795916
0.48189785 -0.16459052 0.86063025 0.01188283
0.00000000 0.00000000 0.00000000 1.00000000
# frame 92
0.84388743 0.34668694 -0.40946571 0.09634833
-0.23008122 0.92329552 0.30755164 0.01469142
0.48468199 -0.16532860 0.85892364 0.01392214
0.00000000 0.00000000 0.00000000 1.00000000
# frame 93
0.83986365 0.34979022 -0.41506126 0.09794077
-0.23391854 0.92326164 0.30474590 0.01471208
0.48980727 -0.15885448 0.85723631 0.01408497
0.00000000 0.00000000 0.00000000 1.00000000
# frame 94
0.83815321 0.35471473 -0.41433881 0.09829461
-0.23664666 0.92091793 0.30969101 0.01311707
0.49142400 -0.16151662 0.85581238 0.01528448
0.00000000 0.00000000 0.00000000 1.00000000
# frame 95
0.83904513 0.34665032 -0.41932902 0.10046921
-0.23149035 0.92495530 0.30144635 0.01144788
0.49235708 -0.15585646 0.85632545 0.01616733
0.00000000 0.00000000 0.00000000 1.00000000
# frame 96
0.83669649 0.35084883 -0.42052835 0.10138306
-0.23518032 0.92362603 0.30266346 0.01116923
0.49460005 -0.15433746 0.85530739 0.01681385
0.00000000 0.00000000 0.00000000 1.00000000
# frame 97
0.83586052 0.35007149 -0.42283229 0.10218042
-0.23273631 0.92360899 0.30459851 0.00938551
0.49716296 -0.15619344 0.85348263 0.01893128
0.00000000 0.00000000 0.00000000 1.00000000
# frame 98
0.83291256 0.35266282 -0.42648048 0.10355132
-0.23491902 0.92308341 0.30451614 0.00896113
0.50106857 -0.15344694 0.85169497 0.01976700
0.00000000 0.00000000 0.00000000 1.00000000
# frame 99
0.83233899 0.34993158 -0.42983681 0.10447833
-0.23075255 0.92387536 0.30529916 0.00681936
0.50394946 -0.15492645 0.84972510 0.02274313
0.00000000 0.00000000 0.00000000 1.00000000
# frame 100
0.82792973 0.35203193 -0.43658435 0.10533858
-0.22977805 0.92304354 0.30853309 0.00664166
0.51159986 -0.15512622 0.84510439 0.02428383
0.00000000 0.00000000 0.00000000 1.00000000
# frame 101
0.82762999 0.35367592 -0.43582330 0.10510828
-0.22911573 0.92173475 0.31290740 0.00607377
0.51238129 -0.15911757 0.84388803 0.02520041
0.00000000 0.00000000 0.00000000 1.00000000
# frame 102
0.82582819 0.35355926 -0.43932181 0.10517179
-0.22833779 0.92197553 0.31276664 0.00596446
0.51562550 -0.15797773 0.84212432 0.02567906
0.00000000 0.00000000 0.00000000 1.00000000
# frame 103
0.82177566 0.35594587 -0.44495765 0.10726580
-0.22947275 0.92149558 0.31334988 0.00633991
0.52156210 -0.15539765 0.83894252 0.02684976
0.00000000 0.00000000 0.00000000 1.00000000
# frame 104
0.82199262 0.36315228 -0.43868959 0.10633593
-0.23492121 0.91793615 0.31969555 0.00550099
0.51878720 -0.15972990 0.83984891 0.02778716
0.00000000 0.00000000 0.00000000 1.00000000
# frame 105
0.81998069 0.36537983 -0.44060100 0.10597086
-0.23599108 0.91709066 0.32132995 0.00487119
0.52147854 -0.15950645 0.83822302 0.02850609
0.00000000 0.00000000 0.00000000 1.00000000
# frame 106
0.81796169 0.36726066 -0.44278469 0.10614857
-0.23543979 0.91599880 0.32482965 0.00447812
0.52488740 -0.16144907 0.83571970 0.02893554
0.00000000 0.00000000 0.00000000 1.00000000
# frame 107
0.81685803 0.36691842 -0.44509981 0.10676882
-0.23322323 0.91581614 0.32693688 0.00428133
0.52758875 -0.16325340 0.83366566 0.02987213
0.00000000 0.00000000 0.00000000 1.00000000
# frame 108
0.81317765 0.37103479 -0.44841421 0.10622148
-0.23657862 0.91464934 0.32779132 0.00474685
0.53176374 -0.16046736 0.83155129 0.03072925
0.00000000 0.00000000 0.00000000 1.00000000
# frame 109
0.78762821 0.40994907 -0.45998213 0.10556741
-0.26131600 0.89832649 0.35316210 0.00426610
0.55799260 -0.15795974 0.81467354 0.03390198
0.00000000 0.00000000 0.00000000 1.00000000
# frame 110
0.78636254 0.41382058 -0.45867906 0.10428365
-0.26198438 0.89579764 0.35904145 0.00281598
0.55946237 -0.16217000 0.81283624 0.03467089
0.00000000 0.00000000 0.00000000 1.00000000
# frame 111
0.78580738 0.41174788 -0.46148721 0.10400625
-0.25948480 0.89681611 0.35831342 0.00201246
0.56140396 -0.16181641 0.81156703 0.03535759
0.00000000 0.00000000 0.00000000 1.00000000
# frame 112
0.78322229 0.41079050 -0.46670549 0.10470665
-0.25860984 0.89787010 0.35630076 0.00232748
0.56540587 -0.15836806 0.80946634 0.03588500
0.00000000 0.00000000 0.00000000 1.00000000
# frame 113
0.78279319 0.41032135 -0.46783673 0.10467909
-0.25761652 0.89804147 0.35658835 0.00264949
0.56645260 -0.15861246 0.80868631 0.03601609
0.00000000 0.00000000 0.00000000 1.00000000
# frame 114
0.77802134 0.41423581 -0.47232562 0.10497817
-0.25662030 0.89579074 0.36291179 0.00220582
0.57343598 -0.16114478 0.80324563 0.03768201
0.00000000 0.00000000 0.00000000 1.00000000
# frame 115
0.77181368 0.41961457 -0.47773137 0.10608326
-0.25884334 0.89360129 0.36671087 0.00224089
0.58077859 -0.15937488 0.79830814 0.03868728
0.00000000 0.00000000 0.00000000 1.00000000
# frame 116
0.76888892 0.42723490 -0.47568914 0.10698793
-0.26541842 0.89012637 0.37044312 0.00205659
0.58168968 -0.15857295 0.79780432 0.03942616
0.00000000 0.00000000 0.00000000 1.00000000
# frame 117
0.76479640 0.43958041 -0.47101543 0.10550272
-0.27629990 0.88422188 0.37657673 0.00217818
0.58201790 -0.15786301 0.79770573 0.03895050
0.00000000 0.00000000 0.00000000 1.00000000
# frame 118
0.75162771 0.45508812 -0.47744172 0.10536053
-0.28268681 0.87625857 0.39020391 0.00002581
0.59593956 -0.15832159 0.78726763 0.04107017
0.00000000 0.00000000 0.00000000 1.00000000
# frame 119
0.74627607 0.45161227 -0.48899732 0.10681106
-0.27778917 0.87890345 0.38776526 -0.00036797
0.60490098 -0.15354178 0.78135762 0.04327491
0.00000000 0.00000000 0.00000000 1.00000000
# frame 120
0.74261617 0.45455571 -0.49183364 0.10644158
-0.27659987 0.87699955 0.39289223 -0.00156232
0.60992928 -0.15572701 0.77700410 0.04363521
0.00000000 0.00000000 0.00000000 1.00000000
# frame 121
0.73988816 0.45372306 -0.49668993 0.10662267
-0.27377499 0.87749601 0.39376135 -0.00198866
0.61450204 -0.15535808 0.77346694 0.04388025
0.00000000 0.00000000 0.00000000 1.00000000
# frame 122
0.73013741 0.45964396 -0.50559549 0.10768841
-0.27382783 0.87474335 0.39980294 -0.00128162
0.62603330 -0.15346497 0.76454615 0.04464823
0.00000000 0.00000000 0.00000000 1.00000000
# frame 123
0.72806150 0.46222073 -0.50623952 0.10753787
-0.27213142 0.87268174 0.40542702 -0.00216364
0.62918276 -0.15741213 0.76115076 0.04514923
0.00000000 0.00000000 0.00000000 1.00000000
# frame 124
0.72391967 0.46386196 -0.51065878 0.10841493
-0.27257416 0.87229829 0.40595444 -0.00190557
0.63375361 -0.15468601 0.75791068 0.04563377
0.00000000 0.00000000 0.00000000 1.00000000
# frame 125
0.71691563 0.47332400 -0.51185581 0.10913559
-0.27941659 0.86773294 0.41105464 -0.00116798
0.63871617 -0.15167049 0.75434588 0.04606728
0.00000000 0.00000000 0.00000000 1.00000000
# frame 126
0.71029380 0.48338868 -0.51168165 0.10786868
-0.28234444 0.86153085 0.42195523 -0.00304500
0.64479790 -0.15524171 0.74842212 0.04751919
0.00000000 0.00000000 0.00000000 1.00000000
# frame 127
0.70895171 0.48069592 -0.51606096 0.10796489
-0.28095403 0.86366332 0.41850985 -0.00296432
0.64687890 -0.15171387 0.74734904 0.04768711
0.00000000 0.00000000 0.00000000 1.00000000
# frame 128
0.70634862 0.48108820 -0.51925502 0.10847373
-0.28177112 0.86402231 0.41721755 -0.00268533
0.64936636 -0.14838997 0.74585773 0.04761930
0.00000000 0.00000000 0.00000000 1.00000000
# frame 129
0.69738964 0.48619551 -0.52655638 0.11174213
-0.28092319 0.86135287 0.42326516 -0.00315229
0.65934047 -0.14725884 0.73728216 0.04881404
0.00000000 0.00000000 0.00000000 1.00000000
# frame 130
0.69883255 0.48475443 -0.52597168 0.11175065
-0.27898051 0.86181402 0.42361122 -0.00393854
0.65863718 -0.14929747 0.73750073 0.04924635
0.00000000 0.00000000 0.00000000 1.00000000
