# frame 0  Twc (camera->world)
1.00000000 0.00000000 0.00000000 0.00000000
0.00000000 1.00000000 0.00000000 0.00000000
0.00000000 0.00000000 1.00000000 0.00000000
0.00000000 0.00000000 0.00000000 1.00000000
# frame 1  Twc (camera->world)
0.95186674 0.19659001 -0.23516396 0.08313694
-0.09454217 0.91812476 0.38484895 -0.11883374
0.29156731 -0.34409200 0.89251846 0.10329550
0.00000000 0.00000000 0.00000000 1.00000000
# frame 2  Twc (camera->world)
0.95222433 0.20129926 -0.22966809 0.08360129
-0.10010277 0.91620669 0.38800095 -0.11887628
0.28852775 -0.34647353 0.89258492 0.10358119
0.00000000 0.00000000 0.00000000 1.00000000
# frame 3  Twc (camera->world)
0.95269087 0.20916360 -0.22052368 0.08099495
-0.10984673 0.91345093 0.39184319 -0.11887021
0.28339689 -0.34908162 0.89321230 0.10413187
0.00000000 0.00000000 0.00000000 1.00000000
# frame 4  Twc (camera->world)
0.95228926 0.20723310 -0.22405271 0.08071729
-0.10718212 0.91445015 0.39024724 -0.11841286
0.28575718 -0.34761381 0.89303274 0.10346403
0.00000000 0.00000000 0.00000000 1.00000000
# frame 5  Twc (camera->world)
0.95188946 0.20506977 -0.22771221 0.08032607
-0.10336358 0.91439988 0.39139345 -0.11800001
0.28848298 -0.34902615 0.89160435 0.10371837
0.00000000 0.00000000 0.00000000 1.00000000
# frame 6  Twc (camera->world)
0.95172247 0.19783446 -0.23470379 0.08147054
-0.09334795 0.91492685 0.39267674 -0.11878560
0.29242179 -0.35181015 0.88922388 0.10445211
0.00000000 0.00000000 0.00000000 1.00000000
# frame 7  Twc (camera->world)
0.95296521 0.19038941 -0.23581599 0.08050493
-0.08511163 0.91486688 0.39468292 -0.11876669
0.29088369 -0.35604841 0.88804066 0.10438026
0.00000000 0.00000000 0.00000000 1.00000000
# frame 8  Twc (camera->world)
0.95269902 0.19058162 -0.23673448 0.08026818
-0.08537210 0.91540554 0.39337553 -0.11870043
0.29167820 -0.35455796 0.88837632 0.10420566
0.00000000 0.00000000 0.00000000 1.00000000
# frame 9  Twc (camera->world)
0.95296243 0.19176193 -0.23471252 0.07991497
-0.08709905 0.91500355 0.39393180 -0.11821277
0.29030391 -0.35495897 0.88866629 0.10395565
0.00000000 0.00000000 0.00000000 1.00000000
# frame 10  Twc (camera->world)
0.95284724 0.19501373 -0.23249038 0.08011170
-0.09099260 0.91451981 0.39417491 -0.11590931
0.28948658 -0.35443357 0.88914249 0.10305447
0.00000000 0.00000000 0.00000000 1.00000000
# frame 11  Twc (camera->world)
0.95174818 0.20233856 -0.23072603 0.08087972
-0.09620546 0.91067013 0.40177658 -0.11538001
0.29141020 -0.36019303 0.88619472 0.10359968
0.00000000 0.00000000 0.00000000 1.00000000
# frame 12  Twc (camera->world)
0.95262569 0.20469665 -0.22495240 0.07945312
-0.09929644 0.90841138 0.40611448 -0.11484879
0.28747959 -0.36453812 0.88570167 0.10415575
0.00000000 0.00000000 0.00000000 1.00000000
# frame 13  Twc (camera->world)
0.95229077 0.20538275 -0.22574367 0.07963288
-0.09911853 0.90771365 0.40771492 -0.11509280
0.28864822 -0.36588777 0.88476457 0.10408588
0.00000000 0.00000000 0.00000000 1.00000000
# frame 14  Twc (camera->world)
0.95418349 0.19745386 -0.22482403 0.07998215
-0.09325035 0.91017128 0.40359958 -0.11652839
0.28432067 -0.36414313 0.88688304 0.10640562
0.00000000 0.00000000 0.00000000 1.00000000
# frame 15  Twc (camera->world)
0.95653466 0.18921134 -0.22190204 0.08016189
-0.08987891 0.91517194 0.39291487 -0.11643462
0.27742247 -0.35589238 0.89239979 0.10568102
0.00000000 0.00000000 0.00000000 1.00000000
# frame 16  Twc (camera->world)
0.95746150 0.18422808 -0.22209792 0.08145754
-0.08766067 0.91899724 0.38439523 -0.11662764
0.27492377 -0.34857438 0.89605403 0.10533591
0.00000000 0.00000000 0.00000000 1.00000000
# frame 17  Twc (camera->world)
0.96143651 0.15892109 -0.22446365 0.08256834
-0.07057969 0.93138963 0.35711603 -0.11590336
0.26581638 -0.32750182 0.90668860 0.10451948
0.00000000 0.00000000 0.00000000 1.00000000
# frame 18  Twc (camera->world)
0.96174104 0.15068333 -0.22879841 0.08275297
-0.06374497 0.93531197 0.34803463 -0.11636367
0.26644091 -0.32013444 0.90913321 0.10542138
0.00000000 0.00000000 0.00000000 1.00000000
# frame 19  Twc (camera->world)
0.96133784 0.14880305 -0.23170501 0.08350517
-0.06276278 0.93767989 0.34178541 -0.11466135
0.26812384 -0.31402880 0.91076645 0.10453856
0.00000000 0.00000000 0.00000000 1.00000000
# frame 20  Twc (camera->world)
0.96192859 0.15024940 -0.22829480 0.08199186
-0.06535980 0.93755409 0.34164370 -0.11241112
0.26537048 -0.31371554 0.91168035 0.10374985
0.00000000 0.00000000 0.00000000 1.00000000
# frame 21  Twc (camera->world)
0.96122544 0.15322721 -0.22927510 0.08221769
-0.06634845 0.93549958 0.34704238 -0.11036429
0.26766309 -0.31837392 0.90939239 0.10359414
0.00000000 0.00000000 0.00000000 1.00000000
# frame 22  Twc (camera->world)
0.96108065 0.16138101 -0.22423236 0.08347480
-0.07018481 0.92764422 0.36681098 -0.10558376
0.26720418 -0.33679723 0.90286741 0.10457595
0.00000000 0.00000000 0.00000000 1.00000000
# frame 23  Twc (camera->world)
0.96051496 0.17410727 -0.21701997 0.08549555
-0.08048603 0.92053270 0.38228465 -0.10260377
0.26633252 -0.34972305 0.89819863 0.10544700
0.00000000 0.00000000 0.00000000 1.00000000
# frame 24  Twc (camera->world)
0.96018282 0.19316822 -0.20182910 0.08343372
-0.09870927 0.91041503 0.40174737 -0.10039244
0.26135307 -0.36582852 0.89323237 0.10663081
0.00000000 0.00000000 0.00000000 1.00000000
# frame 25  Twc (camera->world)
0.95875751 0.20502587 -0.19684619 0.08193848
-0.10719027 0.90225519 0.41766711 -0.09946204
0.26323806 -0.37934148 0.88702073 0.10836732
0.00000000 0.00000000 0.00000000 1.00000000
# frame 26  Twc (camera->world)
0.95749234 0.21037575 -0.19735871 0.07816380
-0.10683955 0.89416455 0.43480464 -0.09743344
0.26794352 -0.39523639 0.87863216 0.10933714
0.00000000 0.00000000 0.00000000 1.00000000
# frame 27  Twc (camera->world)
0.95558821 0.22184017 -0.19400545 0.07516402
-0.11364890 0.88478052 0.45193735 -0.09375791
0.27191010 -0.40981749 0.87069772 0.11008657
0.00000000 0.00000000 0.00000000 1.00000000
# frame 28  Twc (camera->world)
0.95592444 0.22759985 -0.18549065 0.07197678
-0.12166117 0.88200837 0.45525794 -0.09433059
0.26722094 -0.41262518 0.87082342 0.11101903
0.00000000 0.00000000 0.00000000 1.00000000
# frame 29  Twc (camera->world)
0.95605357 0.22643961 -0.18624361 0.07028705
-0.12170301 0.88441624 0.45055110 -0.09365520
0.26673949 -0.40808458 0.87310768 0.11076672
0.00000000 0.00000000 0.00000000 1.00000000
# frame 30  Twc (camera->world)
0.95557578 0.22459145 -0.19087592 0.06973221
-0.11924604 0.88681302 0.44647851 -0.09294372
0.26954651 -0.40388285 0.87419868 0.11099612
0.00000000 0.00000000 0.00000000 1.00000000
# frame 31  Twc (camera->world)
0.95649689 0.22425780 -0.18660693 0.06811047
-0.12277367 0.88964470 0.43983968 -0.09091115
0.26465134 -0.39779486 0.87847534 0.11008526
0.00000000 0.00000000 0.00000000 1.00000000
# frame 32  Twc (camera->world)
0.95723512 0.22616381 -0.18041854 0.06615494
-0.12695942 0.88873988 0.44048012 -0.09022199
0.25996581 -0.39873721 0.87944665 0.11021209
0.00000000 0.00000000 0.00000000 1.00000000
# frame 33  Twc (camera->world)
0.95748646 0.22594879 -0.17935111 0.06562921
-0.12778182 0.88958486 0.43853231 -0.08857058
0.25863388 -0.39697094 0.88063760 0.11040690
0.00000000 0.00000000 0.00000000 1.00000000
# frame 34  Twc (camera->world)
0.95778818 0.22708168 -0.17628302 0.06569504
-0.12972472 0.88863575 0.43988408 -0.08667206
0.25654101 -0.39844751 0.88058293 0.11063064
0.00000000 0.00000000 0.00000000 1.00000000
# frame 35  Twc (camera->world)
0.96026737 0.22880559 -0.15979546 0.06241253
-0.13749786 0.88613700 0.44255571 -0.08681408
0.24285989 -0.40300027 0.88238872 0.11258674
0.00000000 0.00000000 0.00000000 1.00000000
# frame 36  Twc (camera->world)
0.96154824 0.22542659 -0.15686887 0.06213659
-0.13727814 0.88922524 0.43638652 -0.08623333
0.23786488 -0.39807202 0.88597910 0.11191693
0.00000000 0.00000000 0.00000000 1.00000000
# frame 37  Twc (camera->world)
0.96498011 0.22934548 -0.12733434 0.05926811
-0.15498014 0.89007693 0.42865396 -0.08263454
0.21164720 -0.39390825 0.89445053 0.11170156
0.00000000 0.00000000 0.00000000 1.00000000
# frame 38  Twc (camera->world)
0.96595949 0.22806271 -0.12210515 0.05841246
-0.15641607 0.89085488 0.42651096 -0.08204245
0.20604922 -0.39289310 0.89620240 0.11169760
0.00000000 0.00000000 0.00000000 1.00000000
# frame 39  Twc (camera->world)
0.96740372 0.22495933 -0.11628994 0.05752865
-0.15676070 0.89262157 0.42267342 -0.08124533
0.19888723 -0.39066614 0.89879021 0.11109508
0.00000000 0.00000000 0.00000000 1.00000000
# frame 40  Twc (camera->world)
0.96938635 0.22277216 -0.10326022 0.05534396
-0.16049849 0.89315122 0.42014417 -0.07981576
0.18582342 -0.39070891 0.90156320 0.11030560
0.00000000 0.00000000 0.00000000 1.00000000
# frame 41  Twc (camera->world)
0.97000166 0.22253785 -0.09784519 0.05414066
-0.16245393 0.89281714 0.42010269 -0.07943435
0.18084662 -0.39160497 0.90218626 0.10994411
0.00000000 0.00000000 0.00000000 1.00000000
# frame 42  Twc (camera->world)
0.97008892 0.22366121 -0.09435649 0.05446891
-0.16472541 0.89202871 0.42089228 -0.07958044
0.17830598 -0.39276003 0.90218986 0.11014546
0.00000000 0.00000000 0.00000000 1.00000000
# frame 43  Twc (camera->world)
0.97062369 0.22834040 -0.07583078 0.05016350
-0.17740579 0.89210906 0.41553413 -0.07814563
0.16253256 -0.38987445 0.90641110 0.10986412
0.00000000 0.00000000 0.00000000 1.00000000
# frame 44  Twc (camera->world)
0.97090846 0.22705536 -0.07604362 0.04972216
-0.17651281 0.89325369 0.41345021 -0.07785887
0.16180233 -0.38799964 0.90734574 0.10928345
0.00000000 0.00000000 0.00000000 1.00000000
# frame 45  Twc (camera->world)
0.97098245 0.22711615 -0.07490881 0.04886160
-0.17726719 0.89376192 0.41202666 -0.07781883
0.16052855 -0.38679179 0.90808738 0.10913639
0.00000000 0.00000000 0.00000000 1.00000000
# frame 46  Twc (camera->world)
0.97145737 0.22574787 -0.07285936 0.04850398
-0.17750086 0.89553546 0.40805597 -0.07707802
0.15736591 -0.38347638 0.91004496 0.10877829
0.00000000 0.00000000 0.00000000 1.00000000
# frame 47  Twc (camera->world)
0.97230750 0.23143026 -0.03252950 0.04296032
-0.19835810 0.89081829 0.40877481 -0.07513390
0.12358073 -0.39100232 0.91205536 0.10664601
0.00000000 0.00000000 0.00000000 1.00000000
# frame 48  Twc (camera->world)
0.97199290 0.23390595 -0.02275542 0.04089594
-0.20443543 0.88932174 0.40903912 -0.07513743
0.11591358 -0.39293111 0.91223308 0.10642048
0.00000000 0.00000000 0.00000000 1.00000000
# frame 49  Twc (camera->world)
0.97222412 0.23340767 -0.01735271 0.03866179
-0.20629368 0.88958312 0.40753501 -0.07540921
0.11055848 -0.39263561 0.91302470 0.10653727
0.00000000 0.00000000 0.00000000 1.00000000
# frame 50  Twc (camera->world)
0.97203470 0.23431711 -0.01562144 0.03864719
-0.20823329 0.89076057 0.40396101 -0.07651078
0.10856994 -0.38941122 0.91464281 0.10592225
0.00000000 0.00000000 0.00000000 1.00000000
# frame 51  Twc (camera->world)
0.97114131 0.23845710 -0.00477062 0.03811198
-0.21711786 0.89215989 0.39611938 -0.07612931
0.09871363 -0.38365211 0.91818663 0.10482536
0.00000000 0.00000000 0.00000000 1.00000000
# frame 52  Twc (camera->world)
0.97132740 0.23751474 0.01047981 0.03514681
-0.22283808 0.89417241 0.38832834 -0.07547140
0.08286295 -0.37952925 0.92146149 0.10399947
0.00000000 0.00000000 0.00000000 1.00000000
# frame 53  Twc (camera->world)
0.97276804 0.23126036 0.01552410 0.03536817
-0.21930371 0.89665676 0.38459399 -0.07461037
0.07502155 -0.37752523 0.92295529 0.10344310
0.00000000 0.00000000 0.00000000 1.00000000
# frame 54  Twc (camera->world)
0.97329547 0.22845135 0.02249250 0.03486013
-0.21940500 0.89696518 0.38381625 -0.07452728
0.06750835 -0.37850159 0.92313551 0.10374500
0.00000000 0.00000000 0.00000000 1.00000000
# frame 55  Twc (camera->world)
0.97343910 0.22581815 0.03771568 0.03280574
-0.22316144 0.89908317 0.37662770 -0.07380076
0.05113984 -0.37504082 0.92559662 0.10352805
0.00000000 0.00000000 0.00000000 1.00000000
# frame 56  Twc (camera->world)
0.97353397 0.22473875 0.04152227 0.03248328
-0.22376937 0.90040128 0.37310159 -0.07303598
0.04646368 -0.37251849 0.92686089 0.10343842
0.00000000 0.00000000 0.00000000 1.00000000
# frame 57  Twc (camera->world)
0.97483723 0.21100319 0.07190285 0.02912758
-0.22265379 0.90594556 0.36012211 -0.07046589
0.01084685 -0.36706988 0.93013012 0.10490494
0.00000000 0.00000000 0.00000000 1.00000000
# frame 58  Twc (camera->world)
0.97548385 0.20705296 0.07456758 0.02769525
-0.21998942 0.90821378 0.35602301 -0.07054550
0.00599231 -0.36369877 0.93149734 0.10520345
0.00000000 0.00000000 0.00000000 1.00000000
# frame 59  Twc (camera->world)
0.97555303 0.20069683 0.08953810 0.02675466
-0.21939096 0.91313273 0.34359310 -0.07071004
-0.01280212 -0.35483714 0.93484047 0.10477737
0.00000000 0.00000000 0.00000000 1.00000000
# frame 60  Twc (camera->world)
0.97495739 0.20021910 0.09680087 0.02534454
-0.22145116 0.91403163 0.33986110 -0.07008574
-0.02043237 -0.35278675 0.93548064 0.10532492
0.00000000 0.00000000 0.00000000 1.00000000
# frame 61  Twc (camera->world)
0.97495004 0.19723212 0.10281977 0.02372198
-0.22069348 0.91535204 0.33678633 -0.07010850
-0.02769120 -0.35104150 0.93595035 0.10533405
0.00000000 0.00000000 0.00000000 1.00000000
# frame 62  Twc (camera->world)
0.97508743 0.19384352 0.10783876 0.02159798
-0.21918468 0.91670468 0.33408173 -0.07025734
-0.03409671 -0.34939550 0.93635474 0.10607207
0.00000000 0.00000000 0.00000000 1.00000000
# frame 63  Twc (camera->world)
0.97801897 0.17848409 0.10780691 0.02070584
-0.20462365 0.92096162 0.33160044 -0.06999990
-0.04010062 -0.34637136 0.93724000 0.10584126
0.00000000 0.00000000 0.00000000 1.00000000
# frame 64  Twc (camera->world)
0.97775225 0.17670026 0.11303784 0.01931393
-0.20477976 0.92083613 0.33185248 -0.07009274
-0.04545091 -0.34761737 0.93653424 0.10655271
0.00000000 0.00000000 0.00000000 1.00000000
# frame 65  Twc (camera->world)
0.97770529 0.17456332 0.11670482 0.01781206
-0.20393371 0.92181233 0.32965600 -0.06941780
-0.05003410 -0.34610646 0.93686013 0.10758117
0.00000000 0.00000000 0.00000000 1.00000000
# frame 66  Twc (camera->world)
0.97682894 0.16996788 0.13006204 0.01675267
-0.20418113 0.92224520 0.32828930 -0.06698428
-0.06415046 -0.34723870 0.93558004 0.10804044
0.00000000 0.00000000 0.00000000 1.00000000
# frame 67  Twc (camera->world)
0.97762000 0.15698822 0.14004943 0.01034378
-0.19506116 0.92576631 0.32389488 -0.06454199
-0.07880537 -0.34396431 0.93566996 0.11107609
0.00000000 0.00000000 0.00000000 1.00000000
# frame 68  Twc (camera->world)
0.97736216 0.15527677 0.14370921 0.00859968
-0.19480213 0.92547907 0.32487016 -0.06483121
-0.08255507 -0.34551066 0.93477647 0.11230157
0.00000000 0.00000000 0.00000000 1.00000000
# frame 69  Twc (camera->world)
0.97744254 0.15303076 0.14555985 0.00729306
-0.19286066 0.92764408 0.31981437 -0.06483125
-0.08608630 -0.34067294 0.93623240 0.11277585
0.00000000 0.00000000 0.00000000 1.00000000
# frame 70  Twc (camera->world)
0.97659471 0.15535866 0.14874966 0.00650236
-0.19566265 0.92889876 0.31442523 -0.06487332
-0.08932470 -0.33617076 0.93755550 0.11242173
0.00000000 0.00000000 0.00000000 1.00000000
# frame 71  Twc (camera->world)
0.97216171 0.16736539 0.16398301 0.00357928
-0.21143135 0.92823081 0.30607898 -0.06440029
-0.10098705 -0.33222941 0.93777675 0.11331245
0.00000000 0.00000000 0.00000000 1.00000000
# frame 72  Twc (camera->world)
0.97050513 0.16820693 0.17270270 0.00140641
-0.21470662 0.92885740 0.30186917 -0.06307534
-0.10963969 -0.33004599 0.93757601 0.11399551
0.00000000 0.00000000 0.00000000 1.00000000
# frame 73  Twc (camera->world)
0.97036581 0.16719983 0.17445464 -0.00131652
-0.21411433 0.92958876 0.30003298 -0.06272380
-0.11200561 -0.32849498 0.93784103 0.11521537
0.00000000 0.00000000 0.00000000 1.00000000
# frame 74  Twc (camera->world)
0.97145320 0.16446366 0.17096893 -0.00079421
-0.21006052 0.93124134 0.29776526 -0.06245014
-0.11024177 -0.32517883 0.93920470 0.11503893
0.00000000 0.00000000 0.00000000 1.00000000
# frame 75  Twc (camera->world)
0.96848660 0.16134587 0.18973986 -0.00223916
-0.21263207 0.93231341 0.29253943 -0.06195029
-0.12969699 -0.32366530 0.93724035 0.11774243
0.00000000 0.00000000 0.00000000 1.00000000
# frame 76  Twc (camera->world)
0.96865946 0.15792118 0.19172831 -0.00328987
-0.20947616 0.93416743 0.28887880 -0.06214117
-0.13348627 -0.31998769 0.93797084 0.11822715
0.00000000 0.00000000 0.00000000 1.00000000
# frame 77  Twc (camera->world)
0.96876116 0.14569728 0.20068415 -0.00148683
-0.19918636 0.93920912 0.27966232 -0.06277277
-0.14773834 -0.31089954 0.93889023 0.11970646
0.00000000 0.00000000 0.00000000 1.00000000
# frame 78  Twc (camera->world)
0.96714981 0.14584731 0.20820615 -0.00317096
-0.20108549 0.94000319 0.27560594 -0.06233939
-0.15551806 -0.30841947 0.93845168 0.12082306
0.00000000 0.00000000 0.00000000 1.00000000
# frame 79  Twc (camera->world)
0.96777404 0.14142595 0.20835573 -0.00270484
-0.19623795 0.94206317 0.27204346 -0.06276208
-0.15781025 -0.30416390 0.93945742 0.12123251
0.00000000 0.00000000 0.00000000 1.00000000
# frame 80  Twc (camera->world)
0.96567372 0.14562057 0.21510210 -0.00043234
-0.20197592 0.94164866 0.26926481 -0.06263050
-0.16334011 -0.30346740 0.93873721 0.12142497
0.00000000 0.00000000 0.00000000 1.00000000
# frame 81  Twc (camera->world)
0.96100618 0.15111936 0.23158165 -0.00022329
-0.21169242 0.94086225 0.26450811 -0.06179284
-0.17791414 -0.30321801 0.93616526 0.12290598
0.00000000 0.00000000 0.00000000 1.00000000
# frame 82  Twc (camera->world)
0.95808955 0.15280108 0.24231434 -0.00304574
-0.21563501 0.94153184 0.25888093 -0.06202191
-0.18858938 -0.30028257 0.93502108 0.12535537
0.00000000 0.00000000 0.00000000 1.00000000
# frame 83  Twc (camera->world)
0.96095703 0.14766954 0.23399848 -0.00246487
-0.20477729 0.94828862 0.24251795 -0.06156421
-0.18608558 -0.28096691 0.94150399 0.12472658
0.00000000 0.00000000 0.00000000 1.00000000
# frame 84  Twc (camera->world)
0.96015511 0.15037756 0.23556050 -0.00246393
-0.20665879 0.94946759 0.23622751 -0.06033985
-0.18813374 -0.27549570 0.94271301 0.12456017
0.00000000 0.00000000 0.00000000 1.00000000
# frame 85  Twc (camera->world)
0.95955391 0.15235270 0.23673813 -0.00332038
-0.20776673 0.95067676 0.23031866 -0.05883104
-0.18997177 -0.27018948 0.94387943 0.12481814
0.00000000 0.00000000 0.00000000 1.00000000
# frame 86  Twc (camera->world)
0.96015183 0.15186045 0.23462068 -0.00309309
-0.20590650 0.95201114 0.22644491 -0.05708340
-0.18897348 -0.26573142 0.94534430 0.12422281
0.00000000 0.00000000 0.00000000 1.00000000
# frame 87  Twc (camera->world)
0.96469499 0.14463266 0.22010216 -0.00269880
-0.19617590 0.95221079 0.23411456 -0.04614766
-0.17572304 -0.26902789 0.94696643 0.12434934
0.00000000 0.00000000 0.00000000 1.00000000
# frame 88  Twc (camera->world)
0.96492300 0.14413986 0.21942495 -0.00256255
-0.19607509 0.95146040 0.23722915 -0.04471367
-0.17457998 -0.27193163 0.94634826 0.12438425
0.00000000 0.00000000 0.00000000 1.00000000
# frame 89  Twc (camera->world)
0.96565077 0.14241381 0.21734051 -0.00133142
-0.19421651 0.95124783 0.23959866 -0.04397050
-0.17262253 -0.27357974 0.94623231 0.12345493
0.00000000 0.00000000 0.00000000 1.00000000
# frame 90  Twc (camera->world)
0.96376384 0.14682230 0.22271612 -0.00011239
-0.20076589 0.94897675 0.24317931 -0.04363266
-0.17564828 -0.27908123 0.94406639 0.12309950
0.00000000 0.00000000 0.00000000 1.00000000
# frame 91  Twc (camera->world)
0.96074367 0.15259707 0.23170184 -0.00033346
-0.20892018 0.94743924 0.24230403 -0.04270555
-0.18254853 -0.28119925 0.94212686 0.12364781
0.00000000 0.00000000 0.00000000 1.00000000
# frame 92  Twc (camera->world)
0.96099797 0.15016893 0.23223307 -0.00053787
-0.20528478 0.95002888 0.23516650 -0.04230624
-0.18531343 -0.27366845 0.94380322 0.12261510
0.00000000 0.00000000 0.00000000 1.00000000
# frame 93  Twc (camera->world)
0.96084452 0.14986776 0.23306108 0.00015470
-0.20546956 0.94968040 0.23640937 -0.04271938
-0.18590340 -0.27503961 0.94328847 0.12157017
0.00000000 0.00000000 0.00000000 1.00000000
# frame 94  Twc (camera->world)
0.95983767 0.15049094 0.23677862 0.00004213
-0.20664384 0.95006099 0.23384277 -0.04242525
-0.18976291 -0.27337995 0.94300236 0.12130564
0.00000000 0.00000000 0.00000000 1.00000000
# frame 95  Twc (camera->world)
0.95899951 0.15211793 0.23912354 0.00051735
-0.20830984 0.95044093 0.23080090 -0.04222820
-0.19216384 -0.27114974 0.94316005 0.12090405
0.00000000 0.00000000 0.00000000 1.00000000
# frame 96  Twc (camera->world)
0.95113910 0.16657834 0.25997319 0.00097831
-0.22532948 0.95012935 0.21559418 -0.04293267
-0.21109484 -0.26363968 0.94124019 0.12188304
0.00000000 0.00000000 0.00000000 1.00000000
# frame 97  Twc (camera->world)
0.94206511 0.18553386 0.27944682 0.00075736
-0.23978706 0.95505566 0.17427237 -0.03981393
-0.23455384 -0.23118365 0.94421323 0.11822422
0.00000000 0.00000000 0.00000000 1.00000000
# frame 98  Twc (camera->world)
0.94124405 0.18758616 0.28083994 0.00226929
-0.24079497 0.95582096 0.16859442 -0.03863995
-0.23680672 -0.22631334 0.94483059 0.11542956
0.00000000 0.00000000 0.00000000 1.00000000
# frame 99  Twc (camera->world)
0.93879079 0.19188649 0.28609690 0.00263595
-0.24673336 0.95410954 0.16969869 -0.03694786
-0.24040489 -0.22990122 0.94305404 0.11438995
0.00000000 0.00000000 0.00000000 1.00000000
# frame 100  Twc (camera->world)
0.93550702 0.19884648 0.29203885 0.00235932
-0.25495219 0.95218157 0.16837352 -0.03522839
-0.24459353 -0.23197055 0.94146889 0.11391513
0.00000000 0.00000000 0.00000000 1.00000000
# frame 101  Twc (camera->world)
0.93368243 0.20370490 0.29451898 0.00277843
-0.25947360 0.95166082 0.16436283 -0.03401171
-0.24680066 -0.22988259 0.94140503 0.11340451
0.00000000 0.00000000 0.00000000 1.00000000
# frame 102  Twc (camera->world)
0.93197359 0.20857243 0.29651773 0.00243038
-0.26366535 0.95132832 0.15954625 -0.03289447
-0.24880877 -0.22687434 0.94160620 0.11335996
0.00000000 0.00000000 0.00000000 1.00000000
# frame 103  Twc (camera->world)
0.93085628 0.21228921 0.29738844 0.00215703
-0.26592450 0.95178356 0.15294513 -0.03229746
-0.25058083 -0.22145281 0.94242660 0.11331123
0.00000000 0.00000000 0.00000000 1.00000000
# frame 104  Twc (camera->world)
0.93028132 0.21771782 0.29525518 0.00134230
-0.26679471 0.95393971 0.13718457 -0.03055424
-0.25178812 -0.20639276 0.94551826 0.11049828
0.00000000 0.00000000 0.00000000 1.00000000
# frame 105  Twc (camera->world)
0.92915249 0.22166041 0.29587549 0.00136514
-0.26859569 0.95467392 0.12827335 -0.02920040
-0.25403149 -0.19865639 0.94657469 0.11028092
0.00000000 0.00000000 0.00000000 1.00000000
# frame 106  Twc (camera->world)
0.92852943 0.22399317 0.29607458 0.00161131
-0.26882736 0.95567531 0.12006898 -0.02688139
-0.25605653 -0.19108053 0.94758814 0.10829698
0.00000000 0.00000000 0.00000000 1.00000000
# frame 107  Twc (camera->world)
0.91888023 0.24080220 0.31252746 0.00069869
-0.28586379 0.95230778 0.10673231 -0.02316447
-0.27192095 -0.18741450 0.94389343 0.10644840
0.00000000 0.00000000 0.00000000 1.00000000
# frame 108  Twc (camera->world)
0.91773211 0.24396148 0.31344946 0.00094314
-0.28711938 0.95275464 0.09910128 -0.02264274
-0.27446353 -0.18094584 0.94441960 0.10495865
0.00000000 0.00000000 0.00000000 1.00000000
# frame 109  Twc (camera->world)
0.91423721 0.24878056 0.31981019 0.00016209
-0.29146969 0.95208847 0.09259033 -0.02189644
-0.28145292 -0.17786450 0.94294670 0.10318332
0.00000000 0.00000000 0.00000000 1.00000000
# frame 110  Twc (camera->world)
0.91273108 0.24989032 0.32322871 -0.00141611
-0.29230101 0.95214936 0.08928449 -0.02122220
-0.28545068 -0.17597281 0.94209951 0.10418024
0.00000000 0.00000000 0.00000000 1.00000000
# frame 111  Twc (camera->world)
0.91441011 0.24863617 0.31942794 -0.00199608
-0.28854419 0.95381226 0.08357285 -0.02085573
-0.28389505 -0.16858893 0.94391810 0.10299118
0.00000000 0.00000000 0.00000000 1.00000000
# frame 112  Twc (camera->world)
0.91498485 0.25028787 0.31647862 -0.00332647
-0.28841253 0.95422595 0.07918994 -0.01833660
-0.28217183 -0.16373399 0.94528844 0.09930113
0.00000000 0.00000000 0.00000000 1.00000000
# frame 113  Twc (camera->world)
0.91334698 0.25496870 0.31747167 -0.00446947
-0.29312681 0.95288444 0.07802516 -0.01707087
-0.28261984 -0.16432350 0.94505228 0.09939593
0.00000000 0.00000000 0.00000000 1.00000000
# frame 114  Twc (camera->world)
0.91260068 0.26031318 0.31527298 -0.00567731
-0.29739263 0.95180817 0.07495886 -0.01625532
-0.28056662 -0.16216736 0.94603600 0.09826384
0.00000000 0.00000000 0.00000000 1.00000000
# frame 115  Twc (camera->world)
0.91267361 0.26275515 0.31302814 -0.00700657
-0.29905584 0.95141460 0.07332021 -0.01533266
-0.27855428 -0.16053032 0.94690946 0.09599445
0.00000000 0.00000000 0.00000000 1.00000000
# frame 116  Twc (camera->world)
0.90556408 0.28252668 0.31643700 -0.00844893
-0.31846600 0.94555321 0.06714564 -0.01496645
-0.28023758 -0.16157911 0.94623416 0.09339174
0.00000000 0.00000000 0.00000000 1.00000000
# frame 117  Twc (camera->world)
0.88693357 0.31607875 0.33681310 -0.01379463
-0.34645937 0.93750015 0.03254795 -0.01153885
-0.30547462 -0.14555993 0.94100880 0.08965593
0.00000000 0.00000000 0.00000000 1.00000000
# frame 118  Twc (camera->world)
0.88706174 0.31869239 0.33400093 -0.01376845
-0.34753875 0.93722482 0.02874814 -0.01177445
-0.30387215 -0.14157964 0.94213424 0.08841933
0.00000000 0.00000000 0.00000000 1.00000000
# frame 119  Twc (camera->world)
0.88587597 0.32237840 0.33361044 -0.01474903
-0.34942632 0.93668829 0.02272201 -0.01152632
-0.30516391 -0.13670115 0.94243715 0.08699242
0.00000000 0.00000000 0.00000000 1.00000000
# frame 120  Twc (camera->world)
0.88197081 0.32912470 0.33734912 -0.01551319
-0.35545372 0.93452895 0.01755820 -0.01122409
-0.30948368 -0.13539782 0.94121585 0.08407278
0.00000000 0.00000000 0.00000000 1.00000000
# frame 121  Twc (camera->world)
0.87510706 0.34029054 0.34407844 -0.01555720
-0.36567278 0.93069417 0.00958039 -0.01291224
-0.31697168 -0.13420399 0.93889203 0.08395594
0.00000000 0.00000000 0.00000000 1.00000000
# frame 122  Twc (camera->world)
0.86703710 0.35102963 0.35358856 -0.01671220
-0.37194604 0.92820638 -0.00943733 -0.01202472
-0.33151594 -0.12333335 0.93535344 0.08326532
0.00000000 0.00000000 0.00000000 1.00000000
# frame 123  Twc (camera->world)
0.86523242 0.35389168 0.35515283 -0.01780716
-0.37115696 0.92833675 -0.02081812 -0.01046967
-0.33706879 -0.11380493 0.93457641 0.08063663
0.00000000 0.00000000 0.00000000 1.00000000
# frame 124  Twc (camera->world)
0.86147664 0.36133840 0.35678083 -0.01956736
-0.37610990 0.92609643 -0.02977823 -0.00962007
-0.34117347 -0.10853555 0.93371339 0.07820391
0.00000000 0.00000000 0.00000000 1.00000000
# frame 125  Twc (camera->world)
0.85774833 0.36749360 0.35946662 -0.02004182
-0.38074847 0.92397461 -0.03607677 -0.00960062
-0.34539601 -0.10592158 0.93246030 0.07692990
0.00000000 0.00000000 0.00000000 1.00000000
# frame 126  Twc (camera->world)
0.85168248 0.37587386 0.36517912 -0.02015995
-0.38700558 0.92096166 -0.04534635 -0.00899490
-0.35336048 -0.10270567 0.92983220 0.07656162
0.00000000 0.00000000 0.00000000 1.00000000
# frame 127  Twc (camera->world)
0.84595810 0.38305483 0.37097695 -0.02143185
-0.38726129 0.91957435 -0.06642075 -0.00653689
-0.36658367 -0.08747584 0.92626367 0.07330259
0.00000000 0.00000000 0.00000000 1.00000000
# frame 128  Twc (camera->world)
0.83906875 0.38926658 0.38004627 -0.02132200
-0.39393467 0.91654140 -0.06904597 -0.00544419
-0.37520542 -0.09177908 0.92238684 0.07059516
0.00000000 0.00000000 0.00000000 1.00000000
# frame 129  Twc (camera->world)
0.83457539 0.39212840 0.38693570 -0.02213736
-0.39726539 0.91499780 -0.07042179 -0.00428438
-0.38165970 -0.09494387 0.91941369 0.07138866
0.00000000 0.00000000 0.00000000 1.00000000
# frame 130  Twc (camera->world)
0.83582365 0.39147377 0.38489883 -0.02271358
-0.39747081 0.91511938 -0.06762746 -0.00343471
-0.37870276 -0.09646142 0.92047782 0.07206983
0.00000000 0.00000000 0.00000000 1.00000000
# frame 131  Twc (camera->world)
0.83744568 0.39398983 0.37875684 -0.02217165
-0.39880953 0.91440418 -0.06939710 -0.00405050
-0.37367858 -0.09293554 0.92289073 0.07193475
0.00000000 0.00000000 0.00000000 1.00000000
# frame 132  Twc (camera->world)
0.83808499 0.39460155 0.37670037 -0.02298870
-0.39849952 0.91439568 -0.07126484 -0.00254472
-0.37257440 -0.09038892 0.92358982 0.07042500
0.00000000 0.00000000 0.00000000 1.00000000
# frame 133  Twc (camera->world)
0.83594631 0.40481830 0.37056161 -0.02483232
-0.40934559 0.90966540 -0.07032100 -0.00389719
-0.36555430 -0.09290318 0.92614202 0.07317615
0.00000000 0.00000000 0.00000000 1.00000000
# frame 134  Twc (camera->world)
0.84267369 0.40566164 0.35403345 -0.02719484
-0.40530639 0.91077195 -0.07887450 -0.00281999
-0.35444010 -0.07702656 0.93190081 0.07264307
0.00000000 0.00000000 0.00000000 1.00000000
# frame 135  Twc (camera->world)
0.85342019 0.40056599 0.33349791 -0.02980951
-0.39673101 0.91419224 -0.08280731 -0.00288648
-0.33805100 -0.06163953 0.93910707 0.06930137
0.00000000 0.00000000 0.00000000 1.00000000
# frame 136  Twc (camera->world)
0.87282048 0.38571153 0.29901676 -0.03384355
-0.38244754 0.92117533 -0.07190201 -0.00120767
-0.30318030 -0.05160067 0.95153512 0.06483380
0.00000000 0.00000000 0.00000000 1.00000000
# frame 137  Twc (camera->world)
0.89166223 0.36913587 0.26206329 -0.03664035
-0.37219301 0.92730168 -0.03979903 -0.00263308
-0.25770298 -0.06205084 0.96422968 0.06405123
0.00000000 0.00000000 0.00000000 1.00000000
# frame 138  Twc (camera->world)
0.89343105 0.37002728 0.25467777 -0.03731700
-0.37147412 0.92738771 -0.04426077 -0.00278277
-0.25256273 -0.05506226 0.96601253 0.06414387
0.00000000 0.00000000 0.00000000 1.00000000
# frame 139  Twc (camera->world)
0.89583009 0.36829211 0.24869534 -0.03738750
-0.36854285 0.92840477 -0.04733655 -0.00184669
-0.24832362 -0.04924938 0.96742435 0.06210666
0.00000000 0.00000000 0.00000000 1.00000000
# frame 140  Twc (camera->world)
0.89435341 0.37142713 0.24934688 -0.03798209
-0.37271545 0.92690798 -0.04387237 -0.00229322
-0.24741700 -0.05369803 0.96741995 0.06222443
0.00000000 0.00000000 0.00000000 1.00000000
# frame 141  Twc (camera->world)
0.89902082 0.36680111 0.23920392 -0.03873465
-0.36765166 0.92898071 -0.04274456 -0.00131159
-0.23789458 -0.04951547 0.97002803 0.06223747
0.00000000 0.00000000 0.00000000 1.00000000
# frame 142  Twc (camera->world)
0.90143490 0.36488357 0.23297018 -0.03825597
-0.36640672 0.92966530 -0.03832159 -0.00143395
-0.23056721 -0.05081742 0.97172854 0.06202592
0.00000000 0.00000000 0.00000000 1.00000000
# frame 143  Twc (camera->world)
0.90318284 0.36155209 0.23138895 -0.03762151
-0.36379646 0.93084097 -0.03445618 -0.00118525
-0.22784402 -0.05305826 0.97225096 0.06148798
0.00000000 0.00000000 0.00000000 1.00000000
# frame 144  Twc (camera->world)
0.90525509 0.35994863 0.22572151 -0.03766764
-0.36286229 0.93136149 -0.02994556 -0.00103735
-0.22100718 -0.05479746 0.97373152 0.06257282
0.00000000 0.00000000 0.00000000 1.00000000
# frame 145  Twc (camera->world)
0.90643251 0.35917954 0.22219399 -0.03759675
-0.36252539 0.93158253 -0.02700608 -0.00115221
-0.21669207 -0.05607177 0.97462839 0.06269992
0.00000000 0.00000000 0.00000000 1.00000000
# frame 146  Twc (camera->world)
0.90685401 0.35891348 0.22090026 -0.03772003
-0.36260005 0.93160721 -0.02508405 -0.00125306
-0.21479528 -0.05735088 0.97497378 0.06330331
0.00000000 0.00000000 0.00000000 1.00000000
# frame 147  Twc (camera->world)
0.91109967 0.35344769 0.21206629 -0.03727779
-0.35644979 0.93397387 -0.02522616 -0.00086937
-0.20698050 -0.05260744 0.97692964 0.06366570
0.00000000 0.00000000 0.00000000 1.00000000
# frame 148  Twc (camera->world)
0.91270426 0.35046065 0.21011490 -0.03723736
-0.35347989 0.93512685 -0.02428460 -0.00051941
-0.20499488 -0.05210673 0.97737505 0.06298078
0.00000000 0.00000000 0.00000000 1.00000000
# frame 149  Twc (camera->world)
0.91430111 0.34734166 0.20834407 -0.03651645
-0.35101202 0.93615046 -0.02031917 -0.00019198
-0.20209909 -0.05455344 0.97784451 0.06324714
0.00000000 0.00000000 0.00000000 1.00000000
# frame 150  Twc (camera->world)
0.91410067 0.34828642 0.20764520 -0.03696567
-0.35231822 0.93569786 -0.01847640 -0.00057901
-0.20072825 -0.05626790 0.97802970 0.06300042
0.00000000 0.00000000 0.00000000 1.00000000
# frame 151  Twc (camera->world)
0.91457720 0.34741324 0.20700865 -0.03731883
-0.35192224 0.93589494 -0.01585557 -0.00091688
-0.19924678 -0.05834981 0.97821062 0.06236726
0.00000000 0.00000000 0.00000000 1.00000000
# frame 152  Twc (camera->world)
0.91512832 0.34662136 0.20589750 -0.03734901
-0.35149856 0.93608948 -0.01361029 -0.00156783
-0.19745610 -0.05991752 0.97847891 0.06251512
0.00000000 0.00000000 0.00000000 1.00000000
# frame 153  Twc (camera->world)
0.91685590 0.34259301 0.20495191 -0.03710251
-0.34804978 0.93742305 -0.00996860 -0.00149192
-0.19554182 -0.06219370 0.97872128 0.06261292
0.00000000 0.00000000 0.00000000 1.00000000
# frame 154  Twc (camera->world)
0.91723533 0.34234510 0.20366439 -0.03707393
-0.34797009 0.93746552 -0.00867243 -0.00118696
-0.19389731 -0.06291446 0.97900235 0.06284500
0.00000000 0.00000000 0.00000000 1.00000000
# frame 155  Twc (camera->world)
0.91770430 0.34163743 0.20273797 -0.03701543
-0.34760679 0.93761762 -0.00653565 -0.00130831
-0.19232351 -0.06447530 0.97921121 0.06305358
0.00000000 0.00000000 0.00000000 1.00000000
# frame 156  Twc (camera->world)
0.91793507 0.34082560 0.20305939 -0.03665474
-0.34770321 0.93760268 -0.00192072 -0.00063341
-0.19104366 -0.06884131 0.97916454 0.06277731
0.00000000 0.00000000 0.00000000 1.00000000
# frame 157  Twc (camera->world)
0.91972358 0.33681846 0.20164786 -0.03669743
-0.34512628 0.93853394 0.00647278 -0.00028244
-0.18707321 -0.07554714 0.97943670 0.06287928
0.00000000 0.00000000 0.00000000 1.00000000
# frame 158  Twc (camera->world)
0.92124062 0.33360085 0.20006549 -0.03613784
-0.34195320 0.93968540 0.00770410 0.00018313
-0.18542852 -0.07551036 0.97975224 0.06285929
0.00000000 0.00000000 0.00000000 1.00000000
# frame 159  Twc (camera->world)
0.92164952 0.33285180 0.19942878 -0.03599706
-0.34153506 0.93981788 0.00980580 -0.00000652
-0.18416286 -0.07714943 0.97986326 0.06262788
0.00000000 0.00000000 0.00000000 1.00000000
# frame 160  Twc (camera->world)
0.92247699 0.33164493 0.19760527 -0.03570972
-0.34006331 0.94035664 0.00929156 0.00050052
-0.18273793 -0.07576955 0.98023764 0.06234792
0.00000000 0.00000000 0.00000000 1.00000000
# frame 161  Twc (camera->world)
0.92213787 0.33157937 0.19929090 -0.03568028
-0.34032251 0.94025218 0.01031680 0.00047577
-0.18396286 -0.07733669 0.97988607 0.06185465
0.00000000 0.00000000 0.00000000 1.00000000
# frame 162  Twc (camera->world)
0.92196456 0.33100454 0.20104063 -0.03615568
-0.34001555 0.94035495 0.01104517 0.00116674
-0.18539356 -0.07854019 0.97952063 0.06239965
0.00000000 0.00000000 0.00000000 1.00000000
# frame 163  Twc (camera->world)
0.92280357 0.32694313 0.20381795 -0.03564908
-0.33713841 0.94131097 0.01647242 0.00106317
-0.18647053 -0.08391567 0.97887022 0.06245615
0.00000000 0.00000000 0.00000000 1.00000000
# frame 164  Twc (camera->world)
0.92217523 0.32732007 0.20604470 -0.03567605
-0.33807460 0.94094095 0.01832209 0.00102153
-0.18787871 -0.08655466 0.97837103 0.06292246
0.00000000 0.00000000 0.00000000 1.00000000
# frame 165  Twc (camera->world)
0.92209309 0.32671223 0.20737272 -0.03615010
-0.33781756 0.94100792 0.01958041 0.00093419
-0.18874221 -0.08810911 0.97806603 0.06381507
0.00000000 0.00000000 0.00000000 1.00000000
# frame 166  Twc (camera->world)
0.92185292 0.32680001 0.20830011 -0.03630487
-0.33768444 0.94108738 0.01799335 0.00100224
-0.19014838 -0.08692693 0.97789943 0.06330678
0.00000000 0.00000000 0.00000000 1.00000000
# frame 167  Twc (camera->world)
0.92192022 0.32814977 0.20586606 -0.03607694
-0.33821803 0.94095216 0.01475138 0.00143019
-0.18886945 -0.08322721 0.97846899 0.06355092
0.00000000 0.00000000 0.00000000 1.00000000
# frame 168  Twc (camera->world)
0.92264513 0.32701424 0.20442028 -0.03607406
-0.33703454 0.94136837 0.01527446 0.00114103
-0.18743982 -0.08298960 0.97876404 0.06369631
0.00000000 0.00000000 0.00000000 1.00000000
# frame 169  Twc (camera->world)
0.92384767 0.32445449 0.20306344 -0.03595308
-0.33433879 0.94232641 0.01544382 0.00125818
-0.18634123 -0.08215972 0.97904378 0.06304281
0.00000000 0.00000000 0.00000000 1.00000000
# frame 170  Twc (camera->world)
0.92375100 0.32415143 0.20398517 -0.03620859
-0.33434133 0.94230476 0.01666151 0.00162574
-0.18681534 -0.08359176 0.97883218 0.06381518
0.00000000 0.00000000 0.00000000 1.00000000
# frame 171  Twc (camera->world)
0.92393815 0.32397265 0.20342077 -0.03637716
-0.33451386 0.94220352 0.01878838 0.00133765
-0.18557685 -0.08540637 0.97891112 0.06355219
0.00000000 0.00000000 0.00000000 1.00000000
# frame 172  Twc (camera->world)
0.92367017 0.32353193 0.20533026 -0.03680367
-0.33438852 0.94223166 0.01959123 0.00153300
-0.18713028 -0.08675591 0.97849664 0.06355555
0.00000000 0.00000000 0.00000000 1.00000000
# frame 173  Twc (camera->world)
0.92396182 0.32314315 0.20462909 -0.03676241
-0.33426448 0.94223732 0.02135613 0.00118734
-0.18590808 -0.08813249 0.97860659 0.06378603
0.00000000 0.00000000 0.00000000 1.00000000
# frame 174  Twc (camera->world)
0.92445475 0.32277533 0.20297659 -0.03663171
-0.33363471 0.94247280 0.02080646 0.00133233
-0.18458410 -0.08695466 0.97896251 0.06354685
0.00000000 0.00000000 0.00000000 1.00000000
# frame 175  Twc (camera->world)
0.92472157 0.32307876 0.20127130 -0.03654602
-0.33370045 0.94245999 0.02032679 0.00117334
-0.18312300 -0.08596094 0.97932461 0.06381968
0.00000000 0.00000000 0.00000000 1.00000000
# frame 176  Twc (camera->world)
0.92485629 0.32320202 0.20045273 -0.03673513
-0.33405433 0.94229825 0.02194805 0.00017878
-0.18179260 -0.08726089 0.97945750 0.06307154
0.00000000 0.00000000 0.00000000 1.00000000
# frame 177  Twc (camera->world)
0.92583362 0.32187158 0.19806768 -0.03697996
-0.33223343 0.94297258 0.02058290 -0.00039965
-0.18014734 -0.08486104 0.97997221 0.06277215
0.00000000 0.00000000 0.00000000 1.00000000
# frame 178  Twc (camera->world)
0.92573411 0.32194926 0.19840622 -0.03678373
-0.33202170 0.94308350 0.01884401 -0.00027992
-0.18104682 -0.08331971 0.97993871 0.06257413
0.00000000 0.00000000 0.00000000 1.00000000
# frame 179  Twc (camera->world)
0.92625856 0.32143997 0.19677759 -0.03731270
-0.33136209 0.94331551 0.01884189 -0.00026542
-0.17956681 -0.08265710 0.98026709 0.06260000
0.00000000 0.00000000 0.00000000 1.00000000
# frame 180  Twc (camera->world)
0.92632293 0.32242525 0.19485323 -0.03705836
-0.33193336 0.94314292 0.01736891 0.00010312
-0.17817427 -0.08076751 0.98067861 0.06262311
0.00000000 0.00000000 0.00000000 1.00000000
# frame 181  Twc (camera->world)
0.92649438 0.32228693 0.19426606 -0.03658675
-0.33143155 0.94334946 0.01565002 0.00084586
-0.17821699 -0.07888555 0.98082403 0.06357805
0.00000000 0.00000000 0.00000000 1.00000000
# frame 182  Twc (camera->world)
0.92679012 0.32227599 0.19286849 -0.03671390
-0.33105926 0.94350189 0.01428148 0.00130078
-0.17736920 -0.07708683 0.98112068 0.06320149
0.00000000 0.00000000 0.00000000 1.00000000
# frame 183  Twc (camera->world)
0.92707845 0.32291694 0.19039486 -0.03668759
-0.33133749 0.94341873 0.01328796 0.00133875
-0.17533117 -0.07540394 0.98161766 0.06401587
0.00000000 0.00000000 0.00000000 1.00000000
# frame 184  Twc (camera->world)
0.92630773 0.32471362 0.19108911 -0.03687934
-0.33277400 0.94294474 0.01080193 0.00151397
-0.17667893 -0.07359540 0.98151326 0.06317634
0.00000000 0.00000000 0.00000000 1.00000000
# frame 185  Twc (camera->world)
0.92577158 0.32567084 0.19205594 -0.03759252
-0.33344890 0.94272766 0.00874021 0.00159563
-0.17821001 -0.07213228 0.98134506 0.06341209
0.00000000 0.00000000 0.00000000 1.00000000
# frame 186  Twc (camera->world)
0.92540604 0.32815206 0.18957817 -0.03766907
-0.33517358 0.94214145 0.00530652 0.00184776
-0.17686811 -0.06845228 0.98185129 0.06302643
0.00000000 0.00000000 0.00000000 1.00000000
# frame 187  Twc (camera->world)
0.92589233 0.32660150 0.18988116 -0.03766346
-0.33315786 0.94286698 0.00277295 0.00129262
-0.17812703 -0.06582786 0.98180316 0.06311300
