# frame 0
1.00000000 0.00000000 0.00000000 0.00000000
0.00000000 1.00000000 0.00000000 0.00000000
0.00000000 0.00000000 1.00000000 0.00000000
0.00000000 0.00000000 0.00000000 1.00000000
# frame 1
0.71866096 0.29867430 -0.62794911 0.45284709
-0.43491281 0.89768744 -0.07076797 0.11820036
0.54256546 0.32396129 0.77503020 -0.08237451
0.00000000 0.00000000 0.00000000 1.00000000
# frame 2
0.71707345 0.29877544 -0.62971335 0.45384979
-0.43580051 0.89727512 -0.07053559 0.11763030
0.54395182 0.32500860 0.77361866 -0.08221794
0.00000000 0.00000000 0.00000000 1.00000000
# frame 3
0.71932636 0.29996772 -0.62656919 0.45308608
-0.43535069 0.89752662 -0.07011231 0.11752905
0.54133110 0.32321096 0.77620572 -0.08244516
0.00000000 0.00000000 0.00000000 1.00000000
# frame 4
0.71844749 0.29838062 -0.62833288 0.45578547
-0.43357251 0.89846583 -0.06909441 0.11647370
0.54391919 0.32206857 0.77487015 -0.08096299
0.00000000 0.00000000 0.00000000 1.00000000
# frame 5
0.71848825 0.29555939 -0.62961837 0.45766047
-0.42990073 0.90031567 -0.06794891 0.11561728
0.54677234 0.31949389 0.77392743 -0.08061235
0.00000000 0.00000000 0.00000000 1.00000000
# frame 6
0.71698215 0.29243539 -0.63278602 0.45966452
-0.42765685 0.90138015 -0.06799593 0.11630991
0.55049634 0.31936715 0.77133547 -0.08038534
0.00000000 0.00000000 0.00000000 1.00000000
# frame 7
0.71552422 0.29051119 -0.63531751 0.46037728
-0.42732017 0.90145905 -0.06905837 0.11618004
0.55265049 0.32089692 0.76915707 -0.07951108
0.00000000 0.00000000 0.00000000 1.00000000
# frame 8
0.71763933 0.29179208 -0.63233786 0.46027196
-0.42994313 0.89992657 -0.07267105 0.11677056
0.54785281 0.32402092 0.77127670 -0.07764133
0.00000000 0.00000000 0.00000000 1.00000000
# frame 9
0.72120616 0.29402754 -0.62722362 0.45969017
-0.43286561 0.89819171 -0.07667480 0.11511895
0.54082255 0.32680187 0.77505581 -0.07495390
0.00000000 0.00000000 0.00000000 1.00000000
# frame 10
0.72158550 0.29179473 -0.62782976 0.46094382
-0.43356198 0.89745802 -0.08119799 0.11421452
0.53975770 0.33079440 0.77410379 -0.07282501
0.00000000 0.00000000 0.00000000 1.00000000
# frame 11
0.72265060 0.28140728 -0.63133672 0.46033834
-0.43618630 0.89420429 -0.10069856 0.11463122
0.53620669 0.34815030 0.76894327 -0.07238414
0.00000000 0.00000000 0.00000000 1.00000000
# frame 12
0.72460385 0.27470403 -0.63204981 0.46090798
-0.43397660 0.89432676 -0.10882996 0.11582488
0.53536303 0.35315343 0.76724773 -0.07119303
0.00000000 0.00000000 0.00000000 1.00000000
# frame 13
0.72873439 0.27193272 -0.62848928 0.46135367
-0.42847043 0.89699304 -0.10870413 0.11560481
0.53419030 0.34850551 0.77018481 -0.07016248
0.00000000 0.00000000 0.00000000 1.00000000
# frame 14
0.74032303 0.26967638 -0.61578929 0.45947913
-0.40766417 0.90845906 -0.09226083 0.11458083
0.53453880 0.31933805 0.78249056 -0.06946607
0.00000000 0.00000000 0.00000000 1.00000000
# frame 15
0.74374471 0.27114080 -0.61100448 0.45903849
-0.39953054 0.91312386 -0.08111821 0.11295173
0.53592831 0.30444619 0.78746007 -0.06916947
0.00000000 0.00000000 0.00000000 1.00000000
# frame 16
0.74705809 0.27272393 -0.60623912 0.45795185
-0.39186842 0.91733781 -0.07021735 0.11324918
0.53697612 0.29002240 0.79217653 -0.06969810
0.00000000 0.00000000 0.00000000 1.00000000
# frame 17
0.74332190 0.28383829 -0.60572963 0.45830329
-0.38246718 0.92323892 -0.03672542 0.11154920
0.54880909 0.25897051 0.79482253 -0.07045199
0.00000000 0.00000000 0.00000000 1.00000000
# frame 18
0.74375295 0.28728243 -0.60357300 0.45808631
-0.37712924 0.92584855 -0.02404177 0.11174049
0.55191040 0.24550616 0.79694519 -0.07062728
0.00000000 0.00000000 0.00000000 1.00000000
# frame 19
0.75290770 0.30134147 -0.58508403 0.45804544
-0.35960594 0.93293552 0.01774460 0.10930933
0.55119286 0.19703965 0.81077852 -0.06879108
0.00000000 0.00000000 0.00000000 1.00000000
# frame 20
0.75797830 0.30497119 -0.57659472 0.45696311
-0.35525389 0.93437408 0.02719837 0.10818866
0.54704988 0.18422174 0.81657748 -0.06857979
0.00000000 0.00000000 0.00000000 1.00000000
# frame 21
0.76076427 0.30690506 -0.57188024 0.45663934
-0.35248682 0.93523494 0.03299460 0.10670201
0.54496859 0.17647913 0.81967332 -0.06854297
0.00000000 0.00000000 0.00000000 1.00000000
# frame 22
0.76808056 0.30592333 -0.56255060 0.45488537
-0.34393100 0.93811787 0.04057489 0.10491397
0.54015158 0.16231381 0.82576661 -0.06813954
0.00000000 0.00000000 0.00000000 1.00000000
# frame 23
0.76918544 0.30574142 -0.56113807 0.45496611
-0.34392316 0.93815700 0.03972778 0.10511176
0.53858204 0.16243036 0.82676827 -0.06773271
0.00000000 0.00000000 0.00000000 1.00000000
# frame 24
0.76811329 0.30706402 -0.56188403 0.45557951
-0.34555763 0.93754585 0.03997123 0.10503011
0.53906577 0.16346088 0.82624974 -0.06714076
0.00000000 0.00000000 0.00000000 1.00000000
# frame 25
0.77319476 0.30427831 -0.55640325 0.45495896
-0.33894860 0.93982422 0.04294518 0.10628200
0.53598854 0.15538712 0.82980186 -0.06682788
0.00000000 0.00000000 0.00000000 1.00000000
# frame 26
0.77751971 0.30468080 -0.55012064 0.45439052
-0.33493526 0.94102804 0.04779753 0.10514634
0.53224193 0.14709128 0.83371619 -0.06637993
0.00000000 0.00000000 0.00000000 1.00000000
# frame 27
0.78191517 0.30111179 -0.54583914 0.45307908
-0.32845212 0.94320627 0.04981107 0.10461399
0.52983760 0.14033398 0.83640809 -0.06636830
0.00000000 0.00000000 0.00000000 1.00000000
# frame 28
0.78888498 0.29360984 -0.53986456 0.45237393
-0.31850411 0.94663259 0.04941523 0.10470306
0.52556219 0.13296615 0.84030018 -0.06577481
0.00000000 0.00000000 0.00000000 1.00000000
# frame 29
0.80767631 0.27292280 -0.52265871 0.45031003
-0.29516905 0.95450842 0.04229541 0.10345747
0.51042552 0.12011167 0.85149220 -0.06402605
0.00000000 0.00000000 0.00000000 1.00000000
# frame 30
0.81567441 0.25558747 -0.51898969 0.44888097
-0.27965894 0.95953165 0.03301343 0.10492324
0.50642485 0.11821190 0.85414274 -0.06434234
0.00000000 0.00000000 0.00000000 1.00000000
# frame 31
0.81999163 0.25195971 -0.51393583 0.44763883
-0.27236973 0.96148849 0.03680510 0.10530881
0.50341678 0.10980069 0.85703871 -0.06437123
0.00000000 0.00000000 0.00000000 1.00000000
# frame 32
0.82555211 0.24750737 -0.50715265 0.44657140
-0.26304479 0.96385996 0.04220675 0.10499529
0.49927062 0.09855999 0.86082215 -0.06404492
0.00000000 0.00000000 0.00000000 1.00000000
# frame 33
0.83150090 0.24073061 -0.50065460 0.44515540
-0.25264264 0.96650653 0.04513118 0.10568820
0.49475040 0.08896008 0.86446986 -0.06412336
0.00000000 0.00000000 0.00000000 1.00000000
# frame 34
0.84393671 0.23561204 -0.48193131 0.44171836
-0.23804281 0.96957094 0.05716483 0.10661420
0.48073532 0.06647678 0.87434226 -0.06400725
0.00000000 0.00000000 0.00000000 1.00000000
# frame 35
0.84803682 0.23321135 -0.47586344 0.44029523
-0.23374337 0.97050234 0.05906984 0.10731436
0.47560234 0.06113653 0.87753333 -0.06408225
0.00000000 0.00000000 0.00000000 1.00000000
# frame 36
0.85178593 0.23288665 -0.46928088 0.43885287
-0.23220012 0.97079668 0.06030672 0.10796876
0.46962095 0.05759866 0.88098726 -0.06375345
0.00000000 0.00000000 0.00000000 1.00000000
# frame 37
0.85956017 0.22850376 -0.45710213 0.43743742
-0.22403406 0.97242300 0.06482480 0.10921824
0.45930933 0.04668562 0.88704870 -0.06286892
0.00000000 0.00000000 0.00000000 1.00000000
# frame 38
0.86404316 0.22460723 -0.45053413 0.43665014
-0.21710805 0.97370224 0.06905102 0.10983331
0.45419545 0.03815153 0.89008480 -0.06242499
0.00000000 0.00000000 0.00000000 1.00000000
# frame 39
0.88145846 0.21205724 -0.42197477 0.43167759
-0.19632371 0.97718995 0.08097407 0.11149204
0.42952064 0.01146838 0.90298422 -0.06021619
0.00000000 0.00000000 0.00000000 1.00000000
# frame 40
0.88553113 0.20967600 -0.41457277 0.43071908
-0.19242646 0.97775346 0.08348791 0.11175589
0.42285537 0.00584363 0.90617834 -0.05939986
0.00000000 0.00000000 0.00000000 1.00000000
# frame 41
0.88975357 0.20475521 -0.40793859 0.42930713
-0.18662193 0.97881252 0.08425148 0.11260633
0.41654633 0.00116723 0.90911374 -0.05908144
0.00000000 0.00000000 0.00000000 1.00000000
# frame 42
0.89449294 0.19831761 -0.40069005 0.42705144
-0.17962535 0.98013237 0.08411464 0.11412708
0.40941070 -0.00326586 0.91234435 -0.05929497
0.00000000 0.00000000 0.00000000 1.00000000
# frame 43
0.89727488 0.19489822 -0.39612178 0.42574929
-0.17491918 0.98078930 0.08634593 0.11426111
0.40534068 -0.00818674 0.91412905 -0.05938302
0.00000000 0.00000000 0.00000000 1.00000000
# frame 44
0.89951803 0.18984185 -0.39348110 0.42491638
-0.16872499 0.98173237 0.08793998 0.11395714
0.40298782 -0.01271350 0.91511703 -0.05948105
0.00000000 0.00000000 0.00000000 1.00000000
# frame 45
0.90123465 0.18562962 -0.39155811 0.42365410
-0.16432353 0.98251161 0.08757114 0.11403001
0.40096619 -0.01457994 0.91597682 -0.05989098
0.00000000 0.00000000 0.00000000 1.00000000
# frame 46
0.90560969 0.17491095 -0.38636413 0.42172085
-0.15257927 0.98436579 0.08799752 0.11547861
0.39571536 -0.02074025 0.91813898 -0.06029956
0.00000000 0.00000000 0.00000000 1.00000000
# frame 47
0.91086306 0.16700909 -0.37740754 0.41984431
-0.14287733 0.98552228 0.09127931 0.11515262
0.38718801 -0.02921997 0.92153765 -0.06011949
0.00000000 0.00000000 0.00000000 1.00000000
# frame 48
0.91568732 0.15695720 -0.36997454 0.41817176
-0.13175322 0.98694696 0.09261092 0.11454723
0.37968120 -0.03605731 0.92441444 -0.05969800
0.00000000 0.00000000 0.00000000 1.00000000
# frame 49
0.93253211 0.10232560 -0.34628504 0.41063384
-0.08209310 0.99397384 0.07264109 0.11250618
0.35163131 -0.03931254 0.93531275 -0.05808103
0.00000000 0.00000000 0.00000000 1.00000000
# frame 50
0.93772793 0.07685660 -0.33876156 0.40843859
-0.06004458 0.99639991 0.05984867 0.11322551
0.34214176 -0.03578097 0.93896685 -0.05728821
0.00000000 0.00000000 0.00000000 1.00000000
# frame 51
0.94002544 0.06541125 -0.33477387 0.40736343
-0.04933903 0.99719405 0.05630001 0.11366369
0.33751717 -0.03640603 0.94061510 -0.05700755
0.00000000 0.00000000 0.00000000 1.00000000
# frame 52
0.94197058 0.05758775 -0.33071903 0.40599874
-0.04210154 0.99766344 0.05380633 0.11387623
0.33304487 -0.03676020 0.94219414 -0.05664315
0.00000000 0.00000000 0.00000000 1.00000000
# frame 53
0.94339271 0.05149894 -0.32765538 0.40535827
-0.03742899 0.99809193 0.04910781 0.11506692
0.32955919 -0.03406414 0.94352020 -0.05665779
0.00000000 0.00000000 0.00000000 1.00000000
# frame 54
0.94435257 0.04783223 -0.32543862 0.40444400
-0.03422374 0.99828875 0.04741632 0.11622346
0.32714974 -0.03364000 0.94437355 -0.05670888
0.00000000 0.00000000 0.00000000 1.00000000
# frame 55
0.94700544 0.03779317 -0.31898647 0.40150463
-0.02438423 0.99864715 0.04592688 0.11708394
0.32029065 -0.03571476 0.94664584 -0.05713546
0.00000000 0.00000000 0.00000000 1.00000000
# frame 56
0.94838704 0.03193351 -0.31550321 0.40069696
-0.01897957 0.99884918 0.04404641 0.11807171
0.31654668 -0.03578493 0.94790170 -0.05726511
0.00000000 0.00000000 0.00000000 1.00000000
# frame 57
0.94991697 0.02488628 -0.31150992 0.39878065
-0.01174949 0.99896342 0.04397756 0.11742157
0.31228146 -0.03811494 0.94922471 -0.05742313
0.00000000 0.00000000 0.00000000 1.00000000
# frame 58
0.95059509 0.01810352 -0.30990522 0.39786912
-0.00537638 0.99910848 0.04187285 0.11758136
0.31038698 -0.03813796 0.94984495 -0.05738390
0.00000000 0.00000000 0.00000000 1.00000000
# frame 59
0.95802017 -0.02606910 -0.28551315 0.39034821
0.03829384 0.99856949 0.03731690 0.11736011
0.28413190 -0.04668374 0.95764800 -0.05614957
0.00000000 0.00000000 0.00000000 1.00000000
# frame 60
0.95938842 -0.03361799 -0.28007799 0.38835499
0.04546297 0.99832070 0.03590113 0.11615918
0.27840073 -0.04717631 0.95930570 -0.05575648
0.00000000 0.00000000 0.00000000 1.00000000
# frame 61
0.95986217 -0.04338613 -0.27709612 0.38762545
0.05322540 0.99818757 0.02808249 0.11554917
0.27537552 -0.04170387 0.96043173 -0.05549133
0.00000000 0.00000000 0.00000000 1.00000000
# frame 62
0.96009085 -0.05493481 -0.27424026 0.38713012
0.06274053 0.99783411 0.01976657 0.11547993
0.27256042 -0.03618368 0.96145804 -0.05524034
0.00000000 0.00000000 0.00000000 1.00000000
# frame 63
0.96066867 -0.06083966 -0.27095063 0.38593767
0.06721860 0.99763556 0.01431627 0.11610554
0.26943899 -0.03196611 0.96248678 -0.05537597
0.00000000 0.00000000 0.00000000 1.00000000
# frame 64
0.96278371 -0.07081506 -0.26083091 0.38371758
0.07792545 0.99681412 0.01700682 0.11644332
0.25879559 -0.03669926 0.96523469 -0.05438526
0.00000000 0.00000000 0.00000000 1.00000000
# frame 65
0.96374875 -0.07740072 -0.25533795 0.38223991
0.08447507 0.99628329 0.01683923 0.11652922
0.25308557 -0.03779848 0.96670521 -0.05391904
0.00000000 0.00000000 0.00000000 1.00000000
# frame 66
0.96544586 -0.08471605 -0.24644976 0.38034532
0.09155020 0.99566567 0.01638425 0.11714887
0.24399355 -0.03838063 0.96901707 -0.05327227
0.00000000 0.00000000 0.00000000 1.00000000
# frame 67
0.96739724 -0.09096265 -0.23636491 0.37826840
0.09823429 0.99497911 0.01914684 0.11752333
0.23343650 -0.04174174 0.97147570 -0.05254006
0.00000000 0.00000000 0.00000000 1.00000000
# frame 68
0.96970379 -0.10856032 -0.21883607 0.37549161
0.11725153 0.99273275 0.02708820 0.11576921
0.21430502 -0.05192639 0.97538557 -0.05025758
0.00000000 0.00000000 0.00000000 1.00000000
# frame 69
0.97270870 -0.13711010 -0.18718600 0.36963027
0.14952668 0.98729067 0.05384153 0.11599085
0.17742478 -0.08036142 0.98084784 -0.04786249
0.00000000 0.00000000 0.00000000 1.00000000
# frame 70
0.97248874 -0.14337319 -0.18360220 0.36920361
0.15654557 0.98588854 0.05930655 0.11588258
0.17250834 -0.08641707 0.98120995 -0.04794849
0.00000000 0.00000000 0.00000000 1.00000000
# frame 71
0.97282869 -0.14767051 -0.17831929 0.36849271
0.16156204 0.98465353 0.06599340 0.11556819
0.16583744 -0.09300990 0.98175715 -0.04784001
0.00000000 0.00000000 0.00000000 1.00000000
# frame 72
0.97275234 -0.15086814 -0.17604459 0.36771374
0.16551479 0.98360232 0.07163328 0.11551361
0.16235069 -0.09881943 0.98177236 -0.04811233
0.00000000 0.00000000 0.00000000 1.00000000
# frame 73
0.97262332 -0.16009596 -0.16844334 0.36529846
0.17570616 0.98100757 0.08216742 0.11443053
0.15208952 -0.10951448 0.98228069 -0.04815015
0.00000000 0.00000000 0.00000000 1.00000000
# frame 74
0.97178275 -0.16718591 -0.16639458 0.36443845
0.18238185 0.97992102 0.08057080 0.11332867
0.14958324 -0.10864467 0.98276202 -0.04820038
0.00000000 0.00000000 0.00000000 1.00000000
# frame 75
0.97095740 -0.17426319 -0.16393313 0.36349429
0.18899434 0.97880238 0.07891165 0.11358776
0.14670674 -0.10760228 0.98331017 -0.04817911
0.00000000 0.00000000 0.00000000 1.00000000
# frame 76
0.97032879 -0.18148722 -0.15976366 0.36252237
0.19675026 0.97672418 0.08543543 0.11324628
0.14053959 -0.11433399 0.98345125 -0.04765354
0.00000000 0.00000000 0.00000000 1.00000000
# frame 77
0.96979665 -0.19443468 -0.14727393 0.36084133
0.21002184 0.97268960 0.09882187 0.11186302
0.12403742 -0.12676787 0.98414665 -0.04598214
0.00000000 0.00000000 0.00000000 1.00000000
# frame 78
0.96908910 -0.20304494 -0.14013947 0.35913360
0.21864813 0.96995949 0.10663767 0.11091160
0.11427737 -0.13398263 0.98437256 -0.04498982
0.00000000 0.00000000 0.00000000 1.00000000
# frame 79
0.96480333 -0.23578455 -0.11644822 0.35372088
0.24909486 0.96135365 0.11726427 0.10770735
0.08429882 -0.14214361 0.98624992 -0.04168404
0.00000000 0.00000000 0.00000000 1.00000000
# frame 80
0.96333503 -0.24533295 -0.10861563 0.35159916
0.25763480 0.95885961 0.11921646 0.10695949
0.07489941 -0.14282856 0.98690936 -0.04070288
0.00000000 0.00000000 0.00000000 1.00000000
# frame 81
0.96183553 -0.25418314 -0.10130818 0.34954661
0.26559234 0.95631221 0.12217884 0.10624349
0.06582644 -0.14442263 0.98732415 -0.03970900
0.00000000 0.00000000 0.00000000 1.00000000
# frame 82
0.95830986 -0.27197464 -0.08758997 0.34695308
0.28165375 0.95075774 0.12934791 0.10473953
0.04809749 -0.14862542 0.98772320 -0.03745049
0.00000000 0.00000000 0.00000000 1.00000000
# frame 83
0.95649511 -0.28015139 -0.08143891 0.34528260
0.28899607 0.94806187 0.13289079 0.10414860
0.03997958 -0.15064491 0.98777920 -0.03647264
0.00000000 0.00000000 0.00000000 1.00000000
# frame 84
0.95484232 -0.28745672 -0.07513171 0.34500982
0.29539396 0.94562715 0.13613121 0.10401128
0.03191476 -0.15217729 0.98783780 -0.03535761
0.00000000 0.00000000 0.00000000 1.00000000
# frame 85
0.95274257 -0.29593203 -0.06859908 0.34417486
0.30289028 0.94267712 0.14006183 0.10362314
0.02321801 -0.15422086 0.98776356 -0.03441997
0.00000000 0.00000000 0.00000000 1.00000000
# frame 86
0.94754566 -0.31384624 -0.06047940 0.34154559
0.31942603 0.93646034 0.14494500 0.10291859
0.01114612 -0.15666070 0.98758958 -0.03339195
0.00000000 0.00000000 0.00000000 1.00000000
# frame 87
0.94575096 -0.31994796 -0.05646608 0.34084811
0.32483893 0.93435919 0.14646700 0.10211589
0.00589779 -0.15686368 0.98760265 -0.03277743
0.00000000 0.00000000 0.00000000 1.00000000
# frame 88
0.94347033 -0.32744074 -0.05144219 0.34097945
0.33145633 0.93172653 0.14839939 0.10259215
-0.00066196 -0.15706126 0.98758864 -0.03230023
0.00000000 0.00000000 0.00000000 1.00000000
# frame 89
0.93121606 -0.36327693 -0.02943666 0.33659082
0.36287461 0.91657391 0.16797108 0.10091615
-0.03403914 -0.16709918 0.98535232 -0.03085039
0.00000000 0.00000000 0.00000000 1.00000000
# frame 90
0.92832744 -0.37084048 -0.02618227 0.33594010
0.36957522 0.91294098 0.17306915 0.09975187
-0.04027818 -0.17034116 0.98456161 -0.03042597
0.00000000 0.00000000 0.00000000 1.00000000
# frame 91
0.92169791 -0.38756338 -0.01635792 0.33344977
0.38377987 0.90494094 0.18383390 0.09846193
-0.05644434 -0.17571717 0.98282120 -0.02993250
0.00000000 0.00000000 0.00000000 1.00000000
# frame 92
0.91864699 -0.39490849 -0.01161863 0.33223476
0.38959714 0.90062563 0.19258127 0.09771514
-0.06558794 -0.18144078 0.98121224 -0.02964688
0.00000000 0.00000000 0.00000000 1.00000000
# frame 93
0.91489426 -0.40360881 -0.00827132 0.33046683
0.39693970 0.89566691 0.20054840 0.09739583
-0.07353475 -0.18676379 0.97964888 -0.02964646
0.00000000 0.00000000 0.00000000 1.00000000
# frame 94
0.91118801 -0.41193088 -0.00702516 0.32843314
0.40439718 0.89100467 0.20633369 0.09695839
-0.07873577 -0.19084974 0.97845647 -0.02995426
0.00000000 0.00000000 0.00000000 1.00000000
# frame 95
0.90451451 -0.42641240 -0.00509504 0.32547296
0.41701029 0.88194528 0.21971560 0.09578002
-0.08919591 -0.20086064 0.97555066 -0.03022938
0.00000000 0.00000000 0.00000000 1.00000000
# frame 96
0.90076622 -0.43429700 -0.00251773 0.32389174
0.42364150 0.87735964 0.22531743 0.09571878
-0.09564573 -0.20402495 0.97428215 -0.03016395
0.00000000 0.00000000 0.00000000 1.00000000
# frame 97
0.89656833 -0.44290160 -0.00184583 0.32146776
0.43149252 0.87251770 0.22918787 0.09537099
-0.09989715 -0.20627905 0.97338046 -0.03025277
0.00000000 0.00000000 0.00000000 1.00000000
# frame 98
0.89148230 -0.45305213 -0.00175585 0.32007894
0.44118427 0.86723519 0.23078033 0.09398706
-0.10303278 -0.20651123 0.97300429 -0.02978865
0.00000000 0.00000000 0.00000000 1.00000000
# frame 99
0.87043526 -0.49211460 0.01287179 0.31361183
0.47636598 0.84859870 0.23012107 0.09051335
-0.12416892 -0.19417381 0.97307688 -0.02659237
0.00000000 0.00000000 0.00000000 1.00000000
# frame 100
0.86092069 -0.50815740 0.02432327 0.30956734
0.48962447 0.84060854 0.23161427 0.08900191
-0.13814286 -0.18749225 0.97250358 -0.02499154
0.00000000 0.00000000 0.00000000 1.00000000
# frame 101
0.85588374 -0.51638433 0.02846480 0.30730611
0.49730029 0.83686501 0.22879986 0.08771383
-0.14196986 -0.18167053 0.97305723 -0.02489790
0.00000000 0.00000000 0.00000000 1.00000000
# frame 102
0.85358489 -0.52003304 0.03095935 0.30537884
0.50083996 0.83553185 0.22593330 0.08746588
-0.14336031 -0.17734757 0.97365069 -0.02544349
0.00000000 0.00000000 0.00000000 1.00000000
# frame 103
0.85087339 -0.52433385 0.03299216 0.30297389
0.50418904 0.83260809 0.22925352 0.08683729
-0.14767492 -0.17843143 0.97280745 -0.02596041
0.00000000 0.00000000 0.00000000 1.00000000
# frame 104
0.84522429 -0.53310347 0.03737101 0.30088834
0.51106936 0.82676880 0.23507757 0.08536357
-0.15621785 -0.17959409 0.97125792 -0.02599480
0.00000000 0.00000000 0.00000000 1.00000000
# frame 105
0.83673969 -0.54592266 0.04283864 0.29732376
0.52172249 0.81851875 0.24048430 0.08284724
-0.16635006 -0.17887287 0.96970725 -0.02776065
0.00000000 0.00000000 0.00000000 1.00000000
# frame 106
0.83151538 -0.55370206 0.04467885 0.29584248
0.52788937 0.81266560 0.24679430 0.08179484
-0.17295948 -0.18162777 0.96803738 -0.02868059
0.00000000 0.00000000 0.00000000 1.00000000
# frame 107
0.82616320 -0.56131841 0.04874423 0.29513117
0.53358738 0.80725263 0.25224532 0.08054631
-0.18093885 -0.18238650 0.96643484 -0.02937824
0.00000000 0.00000000 0.00000000 1.00000000
# frame 108
0.81897094 -0.57093849 0.05758330 0.29446198
0.53965093 0.80041369 0.26098814 0.07889644
-0.19509864 -0.18266682 0.96362304 -0.02924689
0.00000000 0.00000000 0.00000000 1.00000000
# frame 109
0.77771282 -0.62064914 0.09978682 0.29052613
0.57390461 0.76579147 0.29016707 0.07242859
-0.25650784 -0.16839853 0.95175925 -0.02733628
0.00000000 0.00000000 0.00000000 1.00000000
# frame 110
0.77108594 -0.62768896 0.10692539 0.28973612
0.57856920 0.76081968 0.29395765 0.07158501
-0.26586492 -0.16480287 0.94981886 -0.02693835
0.00000000 0.00000000 0.00000000 1.00000000
# frame 111
0.76590692 -0.63313855 0.11190250 0.28959625
0.58261407 0.75704971 0.29569679 0.07137209
-0.27193279 -0.16128025 0.94870503 -0.02704710
0.00000000 0.00000000 0.00000000 1.00000000
# frame 112
0.75971895 -0.63944720 0.11804408 0.28906227
0.58671636 0.75236300 0.29952267 0.07067481
-0.28034093 -0.15829465 0.94675856 -0.02679389
0.00000000 0.00000000 0.00000000 1.00000000
# frame 113
0.75361754 -0.64575039 0.12274786 0.28942971
0.59125886 0.74754888 0.30262787 0.07022981
-0.28718209 -0.15548991 0.94517159 -0.02662988
0.00000000 0.00000000 0.00000000 1.00000000
# frame 114
0.73900082 -0.66043422 0.13305799 0.28914060
0.60197112 0.73598983 0.30975756 0.06860905
-0.30250382 -0.14881403 0.94145941 -0.02566671
0.00000000 0.00000000 0.00000000 1.00000000
# frame 115
0.73333203 -0.66568085 0.13817790 0.28928818
0.60652959 0.73239147 0.30939392 0.06870702
-0.30715792 -0.14307949 0.94084126 -0.02543820
0.00000000 0.00000000 0.00000000 1.00000000
# frame 116
0.72416808 -0.67270387 0.15182260 0.29014644
0.60982732 0.72746106 0.31450126 0.06990479
-0.32201124 -0.13516620 0.93703728 -0.02442668
0.00000000 0.00000000 0.00000000 1.00000000
# frame 117
0.71606154 -0.67939870 0.16022882 0.29058241
0.61434447 0.72236311 0.31744670 0.06953056
-0.33141626 -0.12887568 0.93464128 -0.02347704
0.00000000 0.00000000 0.00000000 1.00000000
# frame 118
0.70939145 -0.68407951 0.16970268 0.29057629
0.61727559 0.71922332 0.31888661 0.07023679
-0.34019792 -0.12146211 0.93247645 -0.02293083
0.00000000 0.00000000 0.00000000 1.00000000
# frame 119
0.66894922 -0.71544774 0.20159731 0.28870570
0.63950765 0.69219927 0.33449982 0.06867414
-0.37886266 -0.09484037 0.92058046 -0.02174351
0.00000000 0.00000000 0.00000000 1.00000000
# frame 120
0.64829061 -0.73124065 0.21214708 0.28524959
0.65341969 0.67735377 0.33798608 0.06780974
-0.39084778 -0.08049212 0.91692913 -0.02306722
0.00000000 0.00000000 0.00000000 1.00000000
# frame 121
0.64121485 -0.73646286 0.21555968 0.28428331
0.65853682 0.67232576 0.33809367 0.06822186
-0.39391975 -0.07483670 0.91609317 -0.02454310
0.00000000 0.00000000 0.00000000 1.00000000
# frame 122
0.63410189 -0.74105701 0.22079242 0.28263189
0.66141151 0.66772387 0.34158403 0.06848120
-0.40056162 -0.07056443 0.91354860 -0.02553472
0.00000000 0.00000000 0.00000000 1.00000000
# frame 123
0.62319740 -0.74909920 0.22466727 0.27835263
0.66711914 0.65911474 0.34715963 0.06799734
-0.40813851 -0.06646914 0.91049701 -0.02749847
0.00000000 0.00000000 0.00000000 1.00000000
# frame 124
0.61511748 -0.75542023 0.22576705 0.27687870
0.67370157 0.65234945 0.34722672 0.06706059
-0.40958110 -0.06148561 0.91019934 -0.02862518
0.00000000 0.00000000 0.00000000 1.00000000
# frame 125
0.60227363 -0.76453534 0.22967845 0.27414446
0.68152382 0.64225466 0.35076237 0.06591442
-0.41568229 -0.05472359 0.90786208 -0.03021903
0.00000000 0.00000000 0.00000000 1.00000000
# frame 126
0.59659401 -0.76788251 0.23330677 0.27301052
0.68423539 0.63860061 0.35215223 0.06513938
-0.41940138 -0.05045516 0.90639768 -0.03058628
0.00000000 0.00000000 0.00000000 1.00000000
# frame 127
0.58419011 -0.77548234 0.23947664 0.27042682
0.69006849 0.62990656 0.35640316 0.06374562
-0.42723226 -0.04295192 0.90312111 -0.03167840
0.00000000 0.00000000 0.00000000 1.00000000
# frame 128
0.57512666 -0.78076540 0.24420220 0.26967876
0.69413932 0.62371752 0.35937036 0.06223473
-0.43289713 -0.03717313 0.90067654 -0.03180432
0.00000000 0.00000000 0.00000000 1.00000000
# frame 129
0.54356334 -0.79662426 0.26444032 0.26607478
0.70295482 0.60420474 0.37522148 0.05791422
-0.45868663 -0.01806704 0.88841441 -0.03053808
0.00000000 0.00000000 0.00000000 1.00000000
# frame 130
0.53089225 -0.80164452 0.27480808 0.26508054
0.70608982 0.59775385 0.37964127 0.05783565
-0.46860493 -0.00750942 0.88337593 -0.02910293
0.00000000 0.00000000 0.00000000 1.00000000
# frame 131
0.52498844 -0.80290290 0.28237222 0.26493621
0.70311463 0.59608890 0.38769555 0.05977897
-0.47960083 -0.00499564 0.87747256 -0.02846809
0.00000000 0.00000000 0.00000000 1.00000000
# frame 132
0.51058408 -0.80870228 0.29206937 0.26573789
0.69994303 0.58821331 0.40507390 0.05929991
-0.49938328 -0.00239236 0.86637787 -0.02582282
0.00000000 0.00000000 0.00000000 1.00000000
# frame 133
0.49233561 -0.81624242 0.30224817 0.26490010
0.70447645 0.57762480 0.41238638 0.05712892
-0.51119329 0.00989421 0.85940882 -0.02237260
0.00000000 0.00000000 0.00000000 1.00000000
# frame 134
0.48967559 -0.81581833 0.30766584 0.26472803
0.70250959 0.57816363 0.41497844 0.05797537
-0.51642821 0.01293339 0.85623281 -0.02150730
0.00000000 0.00000000 0.00000000 1.00000000
# frame 135
0.47254117 -0.82251264 0.31650877 0.26535830
0.70171739 0.56842486 0.42951820 0.05676852
-0.53319560 0.01913468 0.84577557 -0.01860477
0.00000000 0.00000000 0.00000000 1.00000000
# frame 136
0.46548266 -0.82548236 0.31922526 0.26551724
0.70200349 0.56401107 0.43483631 0.05641777
-0.53899628 0.02168849 0.84202887 -0.01756031
0.00000000 0.00000000 0.00000000 1.00000000
# frame 137
0.45578627 -0.82956513 0.32261520 0.26472998
0.70286294 0.55782380 0.44138000 0.05471617
-0.54611589 0.02557933 0.83731901 -0.01553351
0.00000000 0.00000000 0.00000000 1.00000000
# frame 138
0.45278137 -0.83023951 0.32510212 0.26421002
0.70174622 0.55675823 0.44449129 0.05539534
-0.55003752 0.02688181 0.83470719 -0.01486478
0.00000000 0.00000000 0.00000000 1.00000000
# frame 139
0.44121244 -0.83376836 0.33190647 0.26354462
0.67141762 0.55209414 0.49435862 0.06009675
-0.59542419 0.00473067 0.80339757 -0.01011399
0.00000000 0.00000000 0.00000000 1.00000000
# frame 140
0.43323459 -0.83609435 0.33653237 0.26303299
0.65965929 0.54858539 0.51371558 0.06065930
-0.61413143 -0.00056265 0.78920357 -0.00608638
0.00000000 0.00000000 0.00000000 1.00000000
# frame 141
0.43064534 -0.83539881 0.34154564 0.26350502
0.65277523 0.54964209 0.52132339 0.06193445
-0.62324079 -0.00155296 0.78202845 -0.00451302
0.00000000 0.00000000 0.00000000 1.00000000
# frame 142
0.42662776 -0.83481518 0.34795456 0.26321417
0.64718235 0.55053026 0.52732480 0.06275079
-0.63177826 0.00021865 0.77514914 -0.00269625
0.00000000 0.00000000 0.00000000 1.00000000
# frame 143
0.42582855 -0.83460118 0.34944372 0.26254984
0.64580278 0.55085440 0.52867589 0.06247018
-0.63372613 0.00054644 0.77355730 -0.00051052
0.00000000 0.00000000 0.00000000 1.00000000
# frame 144
0.42642918 -0.83469883 0.34847671 0.26303417
0.64461650 0.55070468 0.53027722 0.06560124
-0.63452953 -0.00149184 0.77289718 0.00020233
0.00000000 0.00000000 0.00000000 1.00000000
# frame 145
0.41967353 -0.83980752 0.34437982 0.26205722
0.64687085 0.54288060 0.53557329 0.06537357
-0.63673560 -0.00199667 0.77107963 0.00171040
0.00000000 0.00000000 0.00000000 1.00000000
# frame 146
0.41548400 -0.85137444 0.32021025 0.26198479
0.66312722 0.52447164 0.53403350 0.06501197
-0.62260367 -0.00954224 0.78247915 0.00185450
0.00000000 0.00000000 0.00000000 1.00000000
# frame 147
0.40584759 -0.85957158 0.31052283 0.26219703
0.67094292 0.51092219 0.53739568 0.06437598
-0.62058306 -0.00975765 0.78408001 0.00263351
0.00000000 0.00000000 0.00000000 1.00000000
# frame 148
0.39880466 -0.87346556 0.27930764 0.26139604
0.68765609 0.48634635 0.53906988 0.06316946
-0.60669922 -0.02291598 0.79460110 0.00231882
0.00000000 0.00000000 0.00000000 1.00000000
# frame 149
0.39619151 -0.89162909 0.21915714 0.26183111
0.72739682 0.45045606 0.51767094 0.06010063
-0.56029113 -0.04568262 0.82703503 -0.00117914
0.00000000 0.00000000 0.00000000 1.00000000
# frame 150
0.38670583 -0.89782239 0.21065033 0.26124304
0.73046565 0.43763668 0.52430342 0.05857167
-0.56291966 -0.04887836 0.82506507 -0.00063368
0.00000000 0.00000000 0.00000000 1.00000000
# frame 151
0.37912601 -0.90323564 0.20106926 0.26108902
0.73951858 0.42636256 0.52089081 0.05664347
-0.55621555 -0.04878880 0.82960468 -0.00064770
0.00000000 0.00000000 0.00000000 1.00000000
# frame 152
0.38248477 -0.90456483 0.18832917 0.26110932
0.74655302 0.42265076 0.51383356 0.05678508
-0.54439323 -0.05593579 0.83696308 -0.00230107
0.00000000 0.00000000 0.00000000 1.00000000
# frame 153
0.37908840 -0.90877255 0.17442604 0.26163793
0.75063710 0.41222831 0.51634461 0.05624206
-0.54114316 -0.06480960 0.83842936 -0.00263036
0.00000000 0.00000000 0.00000000 1.00000000
# frame 154
0.36786606 -0.91704228 0.15397409 0.26225382
0.75909556 0.39179527 0.51987537 0.05553605
-0.53707401 -0.07436346 0.84025090 -0.00266612
0.00000000 0.00000000 0.00000000 1.00000000
# frame 155
0.35929660 -0.92085511 0.15143255 0.26326805
0.76261167 0.38324731 0.52109974 0.05549618
-0.53789348 -0.07174513 0.83995431 -0.00209046
0.00000000 0.00000000 0.00000000 1.00000000
# frame 156
0.34591917 -0.92643410 0.14852538 0.26316280
0.76892535 0.37062593 0.52095126 0.05420499
-0.53767437 -0.06600210 0.84056528 -0.00115783
0.00000000 0.00000000 0.00000000 1.00000000
# frame 157
0.34045752 -0.92910436 0.14440834 0.26436208
0.77923612 0.36475431 0.50965219 0.05488158
-0.52619364 -0.06098672 0.84817503 -0.00200761
0.00000000 0.00000000 0.00000000 1.00000000
# frame 158
0.33626439 -0.93077163 0.14349369 0.26528466
0.78096839 0.36074648 0.50985327 0.05591088
-0.52632180 -0.05938147 0.84820941 -0.00195134
0.00000000 0.00000000 0.00000000 1.00000000
# frame 159
0.29448604 -0.94430436 0.14685793 0.26839455
0.78862610 0.32692512 0.52075795 0.05629668
-0.53976555 -0.03753996 0.84097794 0.00137322
0.00000000 0.00000000 0.00000000 1.00000000
# frame 160
0.28196512 -0.94796495 0.14784491 0.26911445
0.78789964 0.31671949 0.52811261 0.05659819
-0.54745761 -0.03242238 0.83620509 0.00230497
0.00000000 0.00000000 0.00000000 1.00000000
# frame 161
0.27113058 -0.95138553 0.14612937 0.27023204
0.78830912 0.30659238 0.53345088 0.05719658
-0.55231960 -0.02943973 0.83311245 0.00242897
0.00000000 0.00000000 0.00000000 1.00000000
# frame 162
0.25289391 -0.95653234 0.14522585 0.27107885
0.78873823 0.29076267 0.54161710 0.05631125
-0.56030053 -0.02242649 0.82798573 0.00315252
0.00000000 0.00000000 0.00000000 1.00000000
# frame 163
0.24330023 -0.95892668 0.14582396 0.27274946
0.79048381 0.28315223 0.54310235 0.05662996
-0.56208571 -0.01686545 0.82690701 0.00320062
0.00000000 0.00000000 0.00000000 1.00000000
# frame 164
0.23668270 -0.96001019 0.14953840 0.27408563
0.79255526 0.27979619 0.54182123 0.05754296
-0.56199418 -0.00972226 0.82708405 0.00262255
0.00000000 0.00000000 0.00000000 1.00000000
# frame 165
0.23064542 -0.96110292 0.15193374 0.27602897
0.78908093 0.27610976 0.54873918 0.05858317
-0.56934522 -0.00667616 0.82207144 0.00320592
0.00000000 0.00000000 0.00000000 1.00000000
# frame 166
0.19483459 -0.96756184 0.16082152 0.27970750
0.78511244 0.25212442 0.56571348 0.05787334
-0.58790981 0.01604242 0.80876739 0.00676570
0.00000000 0.00000000 0.00000000 1.00000000
# frame 167
0.18527227 -0.96898554 0.16352738 0.28065874
0.78296149 0.24611935 0.57131128 0.05790219
-0.59383962 0.02218750 0.80427745 0.00739691
0.00000000 0.00000000 0.00000000 1.00000000
# frame 168
0.16996515 -0.97219532 0.16108417 0.28214683
0.78280877 0.23249208 0.57719829 0.05656569
-0.59860027 0.02799451 0.80055857 0.00845258
0.00000000 0.00000000 0.00000000 1.00000000
# frame 169
0.10919474 -0.98131177 0.15844153 0.28710942
0.78189489 0.18321487 0.59587976 0.05418500
-0.61377267 0.05881769 0.78728876 0.01333995
0.00000000 0.00000000 0.00000000 1.00000000
# frame 170
0.10034276 -0.98207030 0.15959089 0.28766369
0.78196353 0.17701933 0.59765976 0.05339645
-0.61519457 0.06482342 0.78570577 0.01460347
0.00000000 0.00000000 0.00000000 1.00000000
# frame 171
0.09313825 -0.98251167 0.16123303 0.28819871
0.78162870 0.17246310 0.59942727 0.05364317
-0.61675103 0.07019476 0.78402223 0.01509075
0.00000000 0.00000000 0.00000000 1.00000000
# frame 172
0.06511521 -0.98591919 0.15402387 0.28865592
0.77822883 0.14678603 0.61058476 0.04968541
-0.62459579 0.08010746 0.77682874 0.01756813
0.00000000 0.00000000 0.00000000 1.00000000
# frame 173
0.07238459 -0.98557854 0.15295559 0.28952606
0.78180057 0.15129426 0.60489496 0.05030986
-0.61931280 0.07579569 0.78147724 0.01655883
0.00000000 0.00000000 0.00000000 1.00000000
# frame 174
0.06243039 -0.98647103 0.15158284 0.29045777
0.77556376 0.14354365 0.61473253 0.05018108
-0.62817458 0.07918416 0.77403266 0.01710253
0.00000000 0.00000000 0.00000000 1.00000000
# frame 175
0.04541938 -0.98803412 0.14739625 0.29109448
0.77250178 0.12829011 0.62191852 0.04805332
-0.63338620 0.08561671 0.76908498 0.01798646
0.00000000 0.00000000 0.00000000 1.00000000
# frame 176
0.03292550 -0.98927482 0.14230686 0.29182319
0.76946857 0.11595748 0.62807005 0.04615635
-0.63783543 0.08882114 0.76503384 0.01835706
0.00000000 0.00000000 0.00000000 1.00000000
# frame 177
0.02121455 -0.99028736 0.13740776 0.29246529
0.76476431 0.10459883 0.63576303 0.04497571
-0.64396078 0.09159712 0.75955545 0.01888178
0.00000000 0.00000000 0.00000000 1.00000000
# frame 178
0.01003620 -0.99156548 0.12921753 0.29270649
0.75979203 0.09157319 0.64368503 0.04359717
-0.65008872 0.09171829 0.75430260 0.01958610
0.00000000 0.00000000 0.00000000 1.00000000
# frame 179
-0.01682561 -0.99630110 0.08426748 0.29383529
0.74974395 0.04318811 0.66031720 0.03784957
-0.66151411 0.07428927 0.74624405 0.02081659
0.00000000 0.00000000 0.00000000 1.00000000
# frame 180
-0.02003119 -0.99885849 0.04336434 0.29379757
0.75106540 0.01359506 0.66008783 0.03414837
-0.65992387 0.04579180 0.74993573 0.02004181
0.00000000 0.00000000 0.00000000 1.00000000
# frame 181
-0.01990971 -0.99948309 0.02524196 0.29506766
0.75054994 0.00173784 0.66081144 0.03350519
-0.66051373 0.03210192 0.75012738 0.01991249
0.00000000 0.00000000 0.00000000 1.00000000
# frame 182
-0.02339448 -0.99969642 0.00773133 0.29580968
0.74902199 -0.01240528 0.66242900 0.03272586
-0.66213198 0.02128812 0.74908481 0.01975140
0.00000000 0.00000000 0.00000000 1.00000000
# frame 183
-0.02670196 -0.99956315 -0.01266919 0.29695102
0.74914750 -0.02840050 0.66179411 0.03100083
-0.66186482 0.00818011 0.74957858 0.01998481
0.00000000 0.00000000 0.00000000 1.00000000
# frame 184
-0.01244980 -0.99970220 -0.02098830 0.29853980
0.75095099 -0.02320733 0.65995003 0.03191455
-0.66024058 -0.00754494 0.75101628 0.01980760
0.00000000 0.00000000 0.00000000 1.00000000
# frame 185
-0.03550274 -0.99764442 -0.05869552 0.30082363
0.74255112 -0.06564161 0.66656509 0.03021729
-0.66884781 -0.01991954 0.74313244 0.02113676
0.00000000 0.00000000 0.00000000 1.00000000
# frame 186
-0.02061132 -0.99763512 -0.06556929 0.30270207
0.74966289 -0.05881400 0.65920139 0.03153655
-0.66149885 -0.03556785 0.74910226 0.02032906
0.00000000 0.00000000 0.00000000 1.00000000
# frame 187
-0.01911664 -0.99734505 -0.07026671 0.30434720
0.74794268 -0.06090357 0.66096332 0.03259242
-0.66348798 -0.03992007 0.74712120 0.02060065
0.00000000 0.00000000 0.00000000 1.00000000
# frame 188
-0.02695985 -0.99665605 -0.07713547 0.30647918
0.74315879 -0.07159108 0.66527418 0.03251737
-0.66857175 -0.03938821 0.74260379 0.02184439
0.00000000 0.00000000 0.00000000 1.00000000
# frame 189
-0.04388126 -0.99297629 -0.10987507 0.31407426
0.72778376 -0.10711667 0.67738971 0.03317209
-0.68440137 -0.05024058 0.72737243 0.02528135
0.00000000 0.00000000 0.00000000 1.00000000
# frame 190
-0.05217520 -0.99205961 -0.11443548 0.31517197
0.72142762 -0.11667954 0.68258925 0.03251662
-0.69052150 -0.04694268 0.72178698 0.02663789
0.00000000 0.00000000 0.00000000 1.00000000
# frame 191
-0.05561826 -0.99114861 -0.12054476 0.31639259
0.71879800 -0.12354299 0.68415390 0.03227465
-0.69299065 -0.04859588 0.71930689 0.02735557
0.00000000 0.00000000 0.00000000 1.00000000
# frame 192
-0.05420410 -0.99040103 -0.12715234 0.31778691
0.71608764 -0.12730196 0.68630365 0.03185826
-0.69590258 -0.05385175 0.71611423 0.02825554
0.00000000 0.00000000 0.00000000 1.00000000
# frame 193
-0.06258334 -0.98876068 -0.13577792 0.31946300
0.70886173 -0.13980479 0.69135351 0.03144744
-0.70256557 -0.05298056 0.70964406 0.02936056
0.00000000 0.00000000 0.00000000 1.00000000
# frame 194
-0.06230998 -0.98730772 -0.14608539 0.32123078
0.70539057 -0.14711340 0.69338431 0.02981349
-0.70607479 -0.05984249 0.70560418 0.03094068
0.00000000 0.00000000 0.00000000 1.00000000
# frame 195
-0.06728087 -0.98619547 -0.15130030 0.32221019
0.70193902 -0.15455454 0.69526578 0.02889887
-0.70905211 -0.05942550 0.70264765 0.03174588
0.00000000 0.00000000 0.00000000 1.00000000
# frame 196
-0.06610334 -0.98643224 -0.15027235 0.32248888
0.70267506 -0.15294525 0.69487805 0.02869971
-0.70843356 -0.05965887 0.70325153 0.03210290
0.00000000 0.00000000 0.00000000 1.00000000
# frame 197
-0.06269187 -0.98515790 -0.15979251 0.32349656
0.69699174 -0.15781255 0.69949818 0.02800313
-0.71433343 -0.06752121 0.69654048 0.03357690
0.00000000 0.00000000 0.00000000 1.00000000
# frame 198
-0.06326316 -0.98391987 -0.16703130 0.32413619
0.69183102 -0.16386217 0.70322046 0.02798943
-0.71928270 -0.07106948 0.69107273 0.03420033
0.00000000 0.00000000 0.00000000 1.00000000
# frame 199
-0.05431340 -0.97904213 -0.19628185 0.32647877
0.68002901 -0.18020776 0.71069382 0.02586459
-0.73117070 -0.09487716 0.67556475 0.03574241
0.00000000 0.00000000 0.00000000 1.00000000
# frame 200
-0.04833053 -0.97821500 -0.20189002 0.32739263
0.68009400 -0.18026294 0.71061763 0.02528340
-0.73153012 -0.10295967 0.67399035 0.03578583
0.00000000 0.00000000 0.00000000 1.00000000
# frame 201
-0.04494559 -0.97582384 -0.21388721 0.32791791
0.67762415 -0.18709827 0.71121006 0.02501881
-0.73403365 -0.11296938 0.66965104 0.03535054
0.00000000 0.00000000 0.00000000 1.00000000
# frame 202
-0.04897972 -0.97153845 -0.23176287 0.33045293
0.68062614 -0.20229012 0.70414967 0.02357167
-0.73099182 -0.12325481 0.67116258 0.03559231
0.00000000 0.00000000 0.00000000 1.00000000
# frame 203
-0.05107528 -0.96812666 -0.24519806 0.33146987
0.68018007 -0.21349444 0.70126685 0.02273226
-0.73126356 -0.13096144 0.66940474 0.03548378
0.00000000 0.00000000 0.00000000 1.00000000
# frame 204
-0.05183278 -0.96503763 -0.25693527 0.33307193
0.68159099 -0.22222646 0.69717224 0.02251836
-0.72989526 -0.13898839 0.66927957 0.03531617
0.00000000 0.00000000 0.00000000 1.00000000
# frame 205
-0.05815954 -0.96200558 -0.26676343 0.33478747
0.68236463 -0.23335661 0.69276490 0.02245054
-0.72869471 -0.14173904 0.67001049 0.03542656
0.00000000 0.00000000 0.00000000 1.00000000
# frame 206
-0.06174328 -0.95820402 -0.27934355 0.33752347
0.68829133 -0.24355974 0.68332547 0.02212917
-0.72280206 -0.15007898 0.67456170 0.03562740
0.00000000 0.00000000 0.00000000 1.00000000
# frame 207
-0.06580836 -0.95535963 -0.28802298 0.33801720
0.69453973 -0.25110433 0.67421152 0.02135201
-0.71643829 -0.15567465 0.68005999 0.03529599
0.00000000 0.00000000 0.00000000 1.00000000
# frame 208
-0.05576173 -0.95116005 -0.30362015 0.33821815
0.70604934 -0.25257789 0.66158804 0.02033777
-0.70596385 -0.17747951 0.68565010 0.03412498
