# frame 0 good=1
1.00000000 0.00000000 0.00000000 0.00000000
0.00000000 1.00000000 0.00000000 0.00000000
0.00000000 0.00000000 1.00000000 0.00000000
0.00000000 0.00000000 0.00000000 1.00000000
# frame 1 good=1
-0.84548292 -0.45931773 0.27237080 0.51245836
-0.47782052 0.42299093 -0.76991313 0.05460955
0.23842438 -0.78109276 -0.57710304 -0.10477112
0.00000000 0.00000000 0.00000000 1.00000000
# frame 2 good=1
-0.84308025 -0.46045572 0.27784208 0.51091354
-0.48157142 0.41642154 -0.77115632 0.05451145
0.23938391 -0.78394747 -0.57281909 -0.10481906
0.00000000 0.00000000 0.00000000 1.00000000
# frame 3 good=1
-0.84358474 -0.45962855 0.27768038 0.51071875
-0.48030750 0.41457506 -0.77293740 0.05472527
0.24014473 -0.78541016 -0.57049223 -0.10516131
0.00000000 0.00000000 0.00000000 1.00000000
# frame 4 good=1
-0.84410123 -0.45810313 0.27862992 0.51052879
-0.47956878 0.41261904 -0.77444129 0.05435593
0.23980597 -0.78732906 -0.56798420 -0.10496321
0.00000000 0.00000000 0.00000000 1.00000000
# frame 5 good=1
-0.84320650 -0.45690725 0.28326412 0.50983174
-0.48140753 0.40724255 -0.77614451 0.05453403
0.23926885 -0.79081558 -0.56334815 -0.10540281
0.00000000 0.00000000 0.00000000 1.00000000
# frame 6 good=1
-0.84356590 -0.45632242 0.28313675 0.50998189
-0.48051653 0.40595153 -0.77737200 0.05507898
0.23979248 -0.79181640 -0.56171733 -0.10505227
0.00000000 0.00000000 0.00000000 1.00000000
# frame 7 good=1
-0.84286233 -0.45566543 0.28627278 0.50998847
-0.48253605 0.40448661 -0.77688451 0.05496511
0.23820591 -0.79294363 -0.56080152 -0.10470941
0.00000000 0.00000000 0.00000000 1.00000000
# frame 8 good=1
-0.84215804 -0.45550771 0.28858720 0.50968980
-0.48388852 0.40222179 -0.77721910 0.05464204
0.23795323 -0.79418535 -0.55914926 -0.10479784
0.00000000 0.00000000 0.00000000 1.00000000
# frame 9 good=1
-0.84344362 -0.45301838 0.28875112 0.51001530
-0.48232226 0.40187275 -0.77837236 0.05498055
0.23657577 -0.79578429 -0.55745786 -0.10391586
0.00000000 0.00000000 0.00000000 1.00000000
# frame 10 good=1
-0.84341105 -0.45141329 0.29134832 0.50987670
-0.48358598 0.40154756 -0.77775585 0.05502029
0.23409912 -0.79685984 -0.55696679 -0.10286602
0.00000000 0.00000000 0.00000000 1.00000000
# frame 11 good=1
-0.84343247 -0.44886611 0.29519635 0.50981957
-0.48513250 0.40029729 -0.77743716 0.05486475
0.23079890 -0.79892508 -0.55538328 -0.10195751
0.00000000 0.00000000 0.00000000 1.00000000
# frame 12 good=1
-0.84188624 -0.44464163 0.30581267 0.50889575
-0.48918328 0.38949775 -0.78037889 0.05656802
0.22787559 -0.80658870 -0.54542405 -0.10042024
0.00000000 0.00000000 0.00000000 1.00000000
# frame 13 good=1
-0.84110766 -0.44398169 0.30889832 0.50875729
-0.49103507 0.38737874 -0.78027064 0.05646840
0.22676523 -0.80797152 -0.54383781 -0.10039142
0.00000000 0.00000000 0.00000000 1.00000000
# frame 14 good=1
-0.83944353 -0.44423297 0.31303615 0.50822449
-0.49442820 0.38522215 -0.77919488 0.05644127
0.22555560 -0.80886399 -0.54301355 -0.10038726
0.00000000 0.00000000 0.00000000 1.00000000
# frame 15 good=1
-0.83749943 -0.44720220 0.31401415 0.50823870
-0.49692387 0.38426997 -0.77807664 0.05645393
0.22729138 -0.80767987 -0.54405133 -0.10016667
0.00000000 0.00000000 0.00000000 1.00000000
# frame 16 good=1
-0.83585400 -0.44800484 0.31723770 0.50794137
-0.49927535 0.38019293 -0.77857399 0.05699907
0.22819338 -0.80916315 -0.54146355 -0.10083913
0.00000000 0.00000000 0.00000000 1.00000000
# frame 17 good=1
-0.83414406 -0.44848425 0.32103825 0.50694847
-0.50324986 0.38068476 -0.77576975 0.05671744
0.22570615 -0.80866618 -0.54324556 -0.10031906
0.00000000 0.00000000 0.00000000 1.00000000
# frame 18 good=1
-0.83467997 -0.44932019 0.31846618 0.50759581
-0.50196248 0.38275791 -0.77558368 0.05706150
0.22658995 -0.80722224 -0.54502224 -0.09999388
0.00000000 0.00000000 0.00000000 1.00000000
# frame 19 good=1
-0.83263187 -0.45176617 0.32036151 0.50777643
-0.50435682 0.37955383 -0.77560498 0.05800097
0.22879765 -0.80736994 -0.54387997 -0.10067356
0.00000000 0.00000000 0.00000000 1.00000000
# frame 20 good=1
-0.82986348 -0.45296321 0.32580813 0.50682469
-0.51077096 0.38167343 -0.77034954 0.05734935
0.22458770 -0.80569828 -0.54809730 -0.09976998
0.00000000 0.00000000 0.00000000 1.00000000
# frame 21 good=1
-0.83003852 -0.45266878 0.32577145 0.50702570
-0.51011521 0.38011132 -0.77155548 0.05704971
0.22542966 -0.80660174 -0.54642027 -0.09962599
0.00000000 0.00000000 0.00000000 1.00000000
# frame 22 good=1
-0.82838970 -0.44887631 0.33508292 0.50566678
-0.51506787 0.37527230 -0.77063337 0.05759445
0.22017172 -0.81097519 -0.54207348 -0.09836601
0.00000000 0.00000000 0.00000000 1.00000000
# frame 23 good=1
-0.82531093 -0.44931527 0.34201996 0.50405094
-0.52039083 0.37005963 -0.76957732 0.05905346
0.21921506 -0.81312463 -0.53923381 -0.09843484
0.00000000 0.00000000 0.00000000 1.00000000
# frame 24 good=1
-0.82617148 -0.44983135 0.33925277 0.50545778
-0.51845252 0.37125125 -0.77031130 0.05971496
0.22056215 -0.81229568 -0.53993339 -0.09801779
0.00000000 0.00000000 0.00000000 1.00000000
# frame 25 good=1
-0.82440947 -0.44826655 0.34555191 0.50487552
-0.52272971 0.36891586 -0.76854065 0.05993026
0.21703149 -0.81422245 -0.53845997 -0.09844984
0.00000000 0.00000000 0.00000000 1.00000000
# frame 26 good=1
-0.82220762 -0.44878598 0.35009397 0.50482453
-0.52690032 0.36747088 -0.76638189 0.06011869
0.21529211 -0.81458965 -0.53860283 -0.09824923
0.00000000 0.00000000 0.00000000 1.00000000
# frame 27 good=1
-0.81854548 -0.44975779 0.35735307 0.50508536
-0.53303042 0.36276122 -0.76438398 0.06101925
0.21415382 -0.81616311 -0.53667114 -0.09687161
0.00000000 0.00000000 0.00000000 1.00000000
# frame 28 good=1
-0.81735931 -0.45169245 0.35762785 0.50602917
-0.53470788 0.36363621 -0.76279499 0.06176553
0.21450230 -0.81470402 -0.53874495 -0.09567746
0.00000000 0.00000000 0.00000000 1.00000000
# frame 29 good=1
-0.81506028 -0.45166606 0.36286983 0.50534041
-0.53877695 0.36055016 -0.76139541 0.06231699
0.21306369 -0.81608906 -0.53721738 -0.09522747
0.00000000 0.00000000 0.00000000 1.00000000
# frame 30 good=1
-0.81299335 -0.45246754 0.36649002 0.50464795
-0.54118508 0.35493037 -0.76232745 0.06464416
0.21484998 -0.81810608 -0.53342472 -0.09537040
0.00000000 0.00000000 0.00000000 1.00000000
# frame 31 good=1
-0.81092432 -0.45370877 0.36952686 0.50443327
-0.54505664 0.35594670 -0.75908840 0.06504619
0.21287320 -0.81697632 -0.53594281 -0.09496846
0.00000000 0.00000000 0.00000000 1.00000000
# frame 32 good=1
-0.79758203 -0.46278183 0.38690553 0.50055260
-0.56720508 0.35709533 -0.74213296 0.06684379
0.20528349 -0.81136669 -0.54730502 -0.09449047
0.00000000 0.00000000 0.00000000 1.00000000
# frame 33 good=1
-0.79110712 -0.46296449 0.39976669 0.49730997
-0.57863998 0.35454630 -0.73448805 0.06610594
0.19830609 -0.81237972 -0.54837386 -0.09368952
0.00000000 0.00000000 0.00000000 1.00000000
# frame 34 good=1
-0.78840837 -0.46448918 0.40331382 0.49567330
-0.58233660 0.35227646 -0.73265639 0.06713077
0.19823300 -0.81249683 -0.54822676 -0.09387459
0.00000000 0.00000000 0.00000000 1.00000000
# frame 35 good=1
-0.78333363 -0.47238674 0.40402871 0.49454212
-0.58895031 0.35613792 -0.72546765 0.06667349
0.19881135 -0.80623604 -0.55718712 -0.09339115
0.00000000 0.00000000 0.00000000 1.00000000
# frame 36 good=1
-0.78228002 -0.47506277 0.40293094 0.49482492
-0.59086051 0.36102147 -0.72148968 0.06600234
0.19728617 -0.80248294 -0.56311571 -0.09224115
0.00000000 0.00000000 0.00000000 1.00000000
# frame 37 good=1
-0.78076923 -0.47213986 0.40924731 0.49364688
-0.59452013 0.35988095 -0.71904903 0.06495417
0.19221140 -0.80471712 -0.56168063 -0.09131828
0.00000000 0.00000000 0.00000000 1.00000000
# frame 38 good=1
-0.77834916 -0.46775412 0.41878236 0.49197617
-0.59952903 0.35573625 -0.71694955 0.06479534
0.18638004 -0.80910927 -0.55731919 -0.09117441
0.00000000 0.00000000 0.00000000 1.00000000
# frame 39 good=1
-0.77652712 -0.46732040 0.42263137 0.49156795
-0.60241298 0.35404807 -0.71536604 0.06436617
0.18467333 -0.81009975 -0.55644780 -0.09110976
0.00000000 0.00000000 0.00000000 1.00000000
# frame 40 good=1
-0.77439223 -0.46569610 0.42830342 0.49079194
-0.60596753 0.35118298 -0.71377438 0.06411066
0.18198907 -0.81227930 -0.55415009 -0.09146915
0.00000000 0.00000000 0.00000000 1.00000000
# frame 41 good=1
-0.76514690 -0.47581063 0.43376776 0.48840200
-0.61722097 0.35028626 -0.70451246 0.06391424
0.18327163 -0.80678608 -0.56170074 -0.09190899
0.00000000 0.00000000 0.00000000 1.00000000
# frame 42 good=1
-0.75329946 -0.48819374 0.44068900 0.48490548
-0.63117095 0.34832203 -0.69303319 0.06236655
0.18483278 -0.80021162 -0.57052450 -0.09096173
0.00000000 0.00000000 0.00000000 1.00000000
# frame 43 good=1
-0.74924641 -0.49360988 0.44156439 0.48449869
-0.63569985 0.34897066 -0.68855296 0.06163323
0.18578353 -0.79659825 -0.57525274 -0.08991015
0.00000000 0.00000000 0.00000000 1.00000000
# frame 44 good=1
-0.74588600 -0.49550237 0.44511962 0.48348790
-0.63928742 0.34495287 -0.68725476 0.06116338
0.18699107 -0.79717308 -0.57406395 -0.09018942
0.00000000 0.00000000 0.00000000 1.00000000
# frame 45 good=1
-0.74205633 -0.49916548 0.44742175 0.48288796
-0.64367544 0.34422232 -0.68351512 0.06070395
0.18717460 -0.79520112 -0.57673291 -0.08947498
0.00000000 0.00000000 0.00000000 1.00000000
# frame 46 good=1
-0.73866265 -0.49956985 0.45255657 0.48095081
-0.64900566 0.34568288 -0.67771307 0.05914884
0.18212396 -0.79431311 -0.57956669 -0.08882154
0.00000000 0.00000000 0.00000000 1.00000000
# frame 47 good=1
-0.73762726 -0.49828508 0.45565119 0.48013070
-0.65083918 0.34504102 -0.67628031 0.05834836
0.17976204 -0.79539844 -0.57881511 -0.08871665
0.00000000 0.00000000 0.00000000 1.00000000
# frame 48 good=1
-0.73613385 -0.49734039 0.45908549 0.47919307
-0.65272257 0.34220557 -0.67590576 0.05789305
0.17905362 -0.79721257 -0.57653440 -0.08893070
0.00000000 0.00000000 0.00000000 1.00000000
# frame 49 good=1
-0.73028884 -0.50188729 0.46345158 0.47769798
-0.65950217 0.34105219 -0.66988081 0.05676952
0.17814349 -0.79485380 -0.58006236 -0.08863408
0.00000000 0.00000000 0.00000000 1.00000000
# frame 50 good=1
-0.72887044 -0.50742642 0.45963715 0.47771483
-0.65979004 0.34131124 -0.66946527 0.05601577
0.18282504 -0.79121746 -0.58356657 -0.08819121
0.00000000 0.00000000 0.00000000 1.00000000
# frame 51 good=1
-0.72469348 -0.50540475 0.46838595 0.47527356
-0.66571514 0.33804182 -0.66524513 0.05525077
0.17788401 -0.79391043 -0.58143230 -0.08797778
0.00000000 0.00000000 0.00000000 1.00000000
# frame 52 good=1
-0.69298288 -0.51942806 0.49996922 0.47222217
-0.70297121 0.33290009 -0.62849742 0.05179716
0.16001940 -0.78700192 -0.59583703 -0.08690969
0.00000000 0.00000000 0.00000000 1.00000000
# frame 53 good=1
-0.69047889 -0.52315451 0.49954805 0.47201117
-0.70505131 0.33238164 -0.62643842 0.05136118
0.16168349 -0.78474952 -0.59835328 -0.08697385
0.00000000 0.00000000 0.00000000 1.00000000
# frame 54 good=1
-0.68798214 -0.52503321 0.50101967 0.47080823
-0.70809102 0.33435703 -0.62194251 0.04992293
0.15902103 -0.78265286 -0.60180297 -0.08718705
0.00000000 0.00000000 0.00000000 1.00000000
# frame 55 good=1
-0.68433893 -0.53532844 0.49507949 0.47014860
-0.71027772 0.33587518 -0.61862219 0.04872858
0.16488114 -0.77499118 -0.61008432 -0.08764000
0.00000000 0.00000000 0.00000000 1.00000000
# frame 56 good=1
-0.68218921 -0.53876482 0.49431807 0.47025998
-0.71186960 0.33506681 -0.61722921 0.04901041
0.16691180 -0.77295711 -0.61210926 -0.08785138
0.00000000 0.00000000 0.00000000 1.00000000
# frame 57 good=1
-0.67789545 -0.54247264 0.49616650 0.46926746
-0.71633615 0.33566852 -0.61171003 0.04833655
0.16528848 -0.77009745 -0.61614092 -0.08769466
0.00000000 0.00000000 0.00000000 1.00000000
# frame 58 good=1
-0.67240843 -0.54961600 0.49577127 0.46819165
-0.72074706 0.33371045 -0.60758622 0.04740908
0.16849505 -0.76587178 -0.62052383 -0.08740270
0.00000000 0.00000000 0.00000000 1.00000000
# frame 59 good=1
-0.66227563 -0.56493312 0.49218042 0.46770490
-0.72767116 0.32840826 -0.60219822 0.04697999
0.17856560 -0.75696670 -0.62858233 -0.08661364
0.00000000 0.00000000 0.00000000 1.00000000
# frame 60 good=1
-0.65701787 -0.57069803 0.49257617 0.46775119
-0.73203867 0.32684757 -0.59773745 0.04656099
0.18013026 -0.75330899 -0.63251772 -0.08606283
0.00000000 0.00000000 0.00000000 1.00000000
# frame 61 good=1
-0.65031131 -0.57662543 0.49456882 0.46761086
-0.73778836 0.32427909 -0.59204004 0.04654798
0.18100701 -0.74989745 -0.63630989 -0.08521323
0.00000000 0.00000000 0.00000000 1.00000000
# frame 62 good=1
-0.61783734 -0.59974976 0.50850492 0.46548803
-0.76479218 0.30811629 -0.56582441 0.04417552
0.18267441 -0.73848804 -0.64904967 -0.08411466
0.00000000 0.00000000 0.00000000 1.00000000
# frame 63 good=1
-0.60005847 -0.60828044 0.51954282 0.46430473
-0.78118378 0.30569949 -0.54433420 0.04298576
0.17228387 -0.73249077 -0.65861638 -0.08396367
0.00000000 0.00000000 0.00000000 1.00000000
# frame 64 good=1
-0.59214044 -0.61193254 0.52431694 0.46334509
-0.78845341 0.30555040 -0.53383534 0.04092288
0.16646597 -0.72950498 -0.66340905 -0.08412157
0.00000000 0.00000000 0.00000000 1.00000000
# frame 65 good=1
-0.58731864 -0.61326238 0.52817239 0.46215645
-0.79323261 0.30654742 -0.52612803 0.03873097
0.16074465 -0.72796836 -0.66650073 -0.08415885
0.00000000 0.00000000 0.00000000 1.00000000
# frame 66 good=1
-0.58439533 -0.61658961 0.52754085 0.46133220
-0.79519149 0.30558214 -0.52372707 0.03676900
0.16171761 -0.72555965 -0.66888759 -0.08464781
0.00000000 0.00000000 0.00000000 1.00000000
# frame 67 good=1
-0.58229624 -0.62076553 0.52495833 0.46107955
-0.79616271 0.30478149 -0.52271712 0.03508683
0.16448719 -0.72232846 -0.67170348 -0.08526133
0.00000000 0.00000000 0.00000000 1.00000000
# frame 68 good=1
-0.57898141 -0.62823292 0.51971523 0.46017290
-0.79710606 0.30208348 -0.52284558 0.03161922
0.17147141 -0.71698604 -0.67566899 -0.08654212
0.00000000 0.00000000 0.00000000 1.00000000
# frame 69 good=1
-0.58003446 -0.62723668 0.51974434 0.45938439
-0.79683526 0.30439759 -0.52191539 0.02999121
0.16915555 -0.71687953 -0.67636539 -0.08672239
0.00000000 0.00000000 0.00000000 1.00000000
# frame 70 good=1
-0.57959036 -0.63049659 0.51628391 0.45935287
-0.79689431 0.30604473 -0.52086091 0.02836383
0.17039505 -0.71330967 -0.67981972 -0.08663813
0.00000000 0.00000000 0.00000000 1.00000000
# frame 71 good=1
-0.57652751 -0.63673356 0.51204140 0.45930772
-0.79773900 0.30310786 -0.52128506 0.02518002
0.17671592 -0.70901057 -0.68269722 -0.08675456
0.00000000 0.00000000 0.00000000 1.00000000
# frame 72 good=1
-0.56833240 -0.64073494 0.51619476 0.45847414
-0.80225604 0.29221212 -0.52057402 0.01934063
0.18271160 -0.70997945 -0.68010709 -0.08638488
0.00000000 0.00000000 0.00000000 1.00000000
# frame 73 good=1
-0.56753080 -0.64329973 0.51388155 0.45867596
-0.80183598 0.29008321 -0.52240865 0.01777088
0.18699694 -0.70853171 -0.68045203 -0.08622553
0.00000000 0.00000000 0.00000000 1.00000000
# frame 74 good=1
-0.56712572 -0.64307606 0.51460820 0.45848903
-0.80230729 0.29008431 -0.52168391 0.01626647
0.18620267 -0.70873428 -0.68045888 -0.08616210
0.00000000 0.00000000 0.00000000 1.00000000
# frame 75 good=1
-0.56538123 -0.64263429 0.51707372 0.45787089
-0.80395444 0.28920359 -0.51963308 0.01479321
0.18439445 -0.70949451 -0.68015898 -0.08611420
0.00000000 0.00000000 0.00000000 1.00000000
# frame 76 good=1
-0.55762209 -0.64638779 0.52080747 0.45665508
-0.81064760 0.28903092 -0.50922647 0.01087302
0.17862831 -0.70614726 -0.68516274 -0.08608182
0.00000000 0.00000000 0.00000000 1.00000000
# frame 77 good=1
-0.55557899 -0.64801648 0.52096701 0.45669600
-0.81176186 0.28715095 -0.50851452 0.00941459
0.17992962 -0.70542113 -0.68557010 -0.08599485
0.00000000 0.00000000 0.00000000 1.00000000
# frame 78 good=1
-0.55318071 -0.64823042 0.52324796 0.45614124
-0.81329322 0.28421425 -0.50771684 0.00841787
0.18040297 -0.70641318 -0.68442325 -0.08648490
0.00000000 0.00000000 0.00000000 1.00000000
# frame 79 good=1
-0.54944041 -0.64975098 0.52529887 0.45539220
-0.81628904 0.28327561 -0.50341547 0.00629143
0.17829033 -0.70539251 -0.68602767 -0.08662903
0.00000000 0.00000000 0.00000000 1.00000000
# frame 80 good=1
-0.54685145 -0.65166287 0.52563200 0.45527435
-0.81818496 0.28281545 -0.50058845 0.00416427
0.17755806 -0.70381172 -0.68783879 -0.08685051
0.00000000 0.00000000 0.00000000 1.00000000
# frame 81 good=1
-0.54493068 -0.65222109 0.52693283 0.45524656
-0.82027534 0.28443028 -0.49623360 0.00347658
0.17377836 -0.70264292 -0.68999566 -0.08684756
0.00000000 0.00000000 0.00000000 1.00000000
# frame 82 good=1
-0.51455436 -0.66002582 0.54735704 0.45347632
-0.84505215 0.28215345 -0.45417650 -0.00196801
0.14532954 -0.69624375 -0.70293952 -0.08622443
0.00000000 0.00000000 0.00000000 1.00000000
# frame 83 good=1
-0.50899829 -0.66128219 0.55102324 0.45347385
-0.84832484 0.27693179 -0.45128012 -0.00269566
0.14582765 -0.69714751 -0.70193992 -0.08621669
0.00000000 0.00000000 0.00000000 1.00000000
# frame 84 good=1
-0.49771566 -0.66238561 0.55993252 0.45315764
-0.85485925 0.26550980 -0.44578044 -0.00439039
0.14661098 -0.70053541 -0.69839485 -0.08565612
0.00000000 0.00000000 0.00000000 1.00000000
# frame 85 good=1
-0.48504415 -0.66812134 0.56422162 0.45295791
-0.86150237 0.25429326 -0.43948675 -0.00488297
0.15015272 -0.69924874 -0.69893158 -0.08589294
0.00000000 0.00000000 0.00000000 1.00000000
# frame 86 good=1
-0.47153739 -0.67455921 0.56799856 0.45333162
-0.86833341 0.24284650 -0.43246118 -0.00519801
0.15378420 -0.69713374 -0.70025350 -0.08554790
0.00000000 0.00000000 0.00000000 1.00000000
# frame 87 good=1
-0.45667155 -0.67895776 0.57486299 0.45300274
-0.87603451 0.23063878 -0.42352012 -0.00553094
0.15496658 -0.69700940 -0.70011660 -0.08531639
0.00000000 0.00000000 0.00000000 1.00000000
# frame 88 good=1
-0.44058768 -0.68373223 0.58171534 0.45235200
-0.88416343 0.21835956 -0.41300620 -0.00645589
0.15536255 -0.69629688 -0.70073757 -0.08512747
0.00000000 0.00000000 0.00000000 1.00000000
# frame 89 good=1
-0.40583351 -0.69720789 0.59093173 0.45117370
-0.89979902 0.19147271 -0.39204581 -0.00788756
0.16019013 -0.69082512 -0.70505303 -0.08514486
0.00000000 0.00000000 0.00000000 1.00000000
# frame 90 good=1
-0.38775861 -0.70439920 0.59452924 0.45126468
-0.90720829 0.17748321 -0.38140900 -0.00872006
0.16314524 -0.68725648 -0.70785744 -0.08502989
0.00000000 0.00000000 0.00000000 1.00000000
# frame 91 good=1
-0.37272061 -0.70880592 0.59889357 0.45115644
-0.91286658 0.16420591 -0.37377938 -0.00984468
0.16659518 -0.68602521 -0.70824816 -0.08515246
0.00000000 0.00000000 0.00000000 1.00000000
# frame 92 good=1
-0.34765903 -0.71806092 0.60292762 0.45107511
-0.92147673 0.14284933 -0.36121283 -0.01416793
0.17324501 -0.68116267 -0.71133929 -0.08480826
0.00000000 0.00000000 0.00000000 1.00000000
# frame 93 good=1
-0.34344567 -0.72341915 0.59892387 0.45166051
-0.92153160 0.13655644 -0.36349944 -0.01445559
0.18117554 -0.67676958 -0.71355333 -0.08481443
0.00000000 0.00000000 0.00000000 1.00000000
# frame 94 good=1
-0.33389950 -0.73350721 0.59201208 0.45172433
-0.92460755 0.13271163 -0.35705533 -0.01632053
0.18333577 -0.66659943 -0.72251865 -0.08462487
0.00000000 0.00000000 0.00000000 1.00000000
# frame 95 good=1
-0.33446207 -0.73626015 0.58826534 0.45220842
-0.92408276 0.13371529 -0.35803808 -0.01651217
0.18494910 -0.66335602 -0.72508801 -0.08420499
0.00000000 0.00000000 0.00000000 1.00000000
# frame 96 good=1
-0.33394304 -0.73779350 0.58663686 0.45273295
-0.92476753 0.13597885 -0.35540789 -0.01710537
0.18244743 -0.66118871 -0.72769666 -0.08366668
0.00000000 0.00000000 0.00000000 1.00000000
# frame 97 good=1
-0.33213513 -0.73791969 0.58750386 0.45304717
-0.92607655 0.13686056 -0.35164101 -0.01785409
0.17907672 -0.66086588 -0.72882633 -0.08322191
0.00000000 0.00000000 0.00000000 1.00000000
# frame 98 good=1
-0.31866743 -0.74160589 0.59031498 0.45206203
-0.93103843 0.12806579 -0.34171127 -0.02039379
0.17781593 -0.65849819 -0.73127398 -0.08254209
0.00000000 0.00000000 0.00000000 1.00000000
# frame 99 good=1
-0.31489572 -0.74432845 0.58891073 0.45156049
-0.93166269 0.12392713 -0.34153580 -0.02139721
0.18123279 -0.65621431 -0.73248717 -0.08269811
0.00000000 0.00000000 0.00000000 1.00000000
# frame 100 good=1
-0.31344324 -0.74791208 0.58513320 0.45165316
-0.93137745 0.12197295 -0.34301407 -0.02203931
0.18517395 -0.65249530 -0.73482004 -0.08278418
0.00000000 0.00000000 0.00000000 1.00000000
# frame 101 good=1
-0.31355405 -0.74911412 0.58353397 0.45123074
-0.93127159 0.12253521 -0.34310107 -0.02270008
0.18551840 -0.65100934 -0.73605011 -0.08281250
0.00000000 0.00000000 0.00000000 1.00000000
# frame 102 good=1
-0.31027938 -0.76178960 0.56868559 0.44947824
-0.93139693 0.12383469 -0.34229333 -0.02817864
0.19033250 -0.63587858 -0.74795185 -0.08372585
0.00000000 0.00000000 0.00000000 1.00000000
# frame 103 good=1
-0.30943414 -0.76366600 0.56662576 0.44938166
-0.93226326 0.12616694 -0.33906801 -0.02932230
0.18744527 -0.63316360 -0.75097811 -0.08336230
0.00000000 0.00000000 0.00000000 1.00000000
# frame 104 good=1
-0.30474433 -0.76586126 0.56620440 0.44791254
-0.93430465 0.12494427 -0.33386188 -0.03112784
0.18494788 -0.63074992 -0.75362379 -0.08344411
0.00000000 0.00000000 0.00000000 1.00000000
# frame 105 good=1
-0.30099881 -0.77203373 0.55978893 0.44774545
-0.93476722 0.12270381 -0.33339769 -0.03273625
0.18870603 -0.62362464 -0.75860552 -0.08332690
0.00000000 0.00000000 0.00000000 1.00000000
# frame 106 good=1
-0.29806746 -0.77595369 0.55592416 0.44768532
-0.93462861 0.11889653 -0.33516113 -0.03357127
0.19397206 -0.61948324 -0.76066770 -0.08334688
0.00000000 0.00000000 0.00000000 1.00000000
# frame 107 good=1
-0.29744998 -0.77941856 0.55138935 0.44715064
-0.93532607 0.12202589 -0.33207655 -0.03593597
0.19154285 -0.61450500 -0.76530709 -0.08331238
0.00000000 0.00000000 0.00000000 1.00000000
# frame 108 good=1
-0.29570035 -0.78106402 0.55000028 0.44702539
-0.93519710 0.11925201 -0.33344466 -0.03594648
0.19485299 -0.61295836 -0.76571167 -0.08370535
0.00000000 0.00000000 0.00000000 1.00000000
# frame 109 good=1
-0.29144651 -0.78289882 0.54966205 0.44660548
-0.93751574 0.11960607 -0.32673938 -0.03671362
0.19006096 -0.61054388 -0.76883874 -0.08399208
0.00000000 0.00000000 0.00000000 1.00000000
# frame 110 good=1
-0.28631245 -0.78574825 0.54829269 0.44575902
-0.94008721 0.11982585 -0.31918302 -0.03770416
0.18509786 -0.60682902 -0.77297951 -0.08440109
0.00000000 0.00000000 0.00000000 1.00000000
# frame 111 good=1
-0.27281141 -0.79884556 0.53611539 0.44548602
-0.94254496 0.11023896 -0.31536703 -0.03768872
0.19282875 -0.59134858 -0.78302230 -0.08477421
0.00000000 0.00000000 0.00000000 1.00000000
# frame 112 good=1
-0.22764627 -0.81746541 0.52908173 0.44562326
-0.95929502 0.09502030 -0.26594025 -0.03420670
0.16712345 -0.56808578 -0.80582151 -0.08210701
0.00000000 0.00000000 0.00000000 1.00000000
# frame 113 good=1
-0.21712416 -0.82131301 0.52754340 0.44562753
-0.96284568 0.09129324 -0.25415299 -0.03344906
0.16057801 -0.56312564 -0.81061965 -0.08133367
0.00000000 0.00000000 0.00000000 1.00000000
# frame 114 good=1
-0.20908191 -0.82455647 0.52572938 0.44539059
-0.96604677 0.09071460 -0.24191837 -0.03306445
0.15178403 -0.55845993 -0.81552690 -0.08064712
0.00000000 0.00000000 0.00000000 1.00000000
# frame 115 good=1
-0.20172703 -0.82959068 0.52065873 0.44653201
-0.96871302 0.09052570 -0.23108481 -0.03320146
0.14457281 -0.55098494 -0.82189677 -0.07904079
0.00000000 0.00000000 0.00000000 1.00000000
# frame 116 good=1
-0.19127042 -0.83539393 0.51529855 0.44671108
-0.97152819 0.08634862 -0.22062839 -0.03320556
0.13981630 -0.54282676 -0.82812470 -0.07716738
0.00000000 0.00000000 0.00000000 1.00000000
# frame 117 good=1
-0.18728720 -0.83842634 0.51182495 0.44735595
-0.97174528 0.08194160 -0.22135196 -0.03172816
0.14364756 -0.53881987 -0.83008344 -0.07648342
0.00000000 0.00000000 0.00000000 1.00000000
# frame 118 good=1
-0.17841171 -0.84257949 0.50816244 0.44764301
-0.97345982 0.07591475 -0.21590030 -0.03101299
0.14333614 -0.53319486 -0.83376136 -0.07536939
0.00000000 0.00000000 0.00000000 1.00000000
# frame 119 good=1
-0.16980781 -0.84701124 0.50372341 0.44850230
-0.97523354 0.07092385 -0.20949785 -0.03066412
0.14172103 -0.52682233 -0.83807719 -0.07429589
0.00000000 0.00000000 0.00000000 1.00000000
# frame 120 good=1
-0.15810106 -0.84854929 0.50494372 0.44817355
-0.97864928 0.06663969 -0.19443439 -0.03124279
0.13133787 -0.52490309 -0.84096796 -0.07283658
0.00000000 0.00000000 0.00000000 1.00000000
# frame 121 good=1
-0.15540718 -0.85468643 0.49533797 0.44922413
-0.97866695 0.06499404 -0.19490198 -0.02989359
0.13438606 -0.51506007 -0.84655390 -0.07214723
0.00000000 0.00000000 0.00000000 1.00000000
# frame 122 good=1
-0.13468692 -0.87879792 0.45779215 0.45367891
-0.98134074 0.05432044 -0.18444412 -0.02683316
0.13722164 -0.47409230 -0.86971645 -0.06848582
0.00000000 0.00000000 0.00000000 1.00000000
# frame 123 good=1
-0.13293447 -0.87773430 0.46033785 0.45388995
-0.98189463 0.05338970 -0.18174840 -0.02610066
0.13494950 -0.47616389 -0.86893992 -0.06771996
0.00000000 0.00000000 0.00000000 1.00000000
# frame 124 good=1
-0.12744233 -0.88202855 0.45363431 0.45521917
-0.98351653 0.05323090 -0.17280542 -0.02551334
0.12827195 -0.46817957 -0.87427353 -0.06611115
0.00000000 0.00000000 0.00000000 1.00000000
# frame 125 good=1
-0.12759559 -0.88368201 0.45036148 0.45609165
-0.98377467 0.05501970 -0.17076369 -0.02567686
0.12612204 -0.46484291 -0.87636425 -0.06552462
0.00000000 0.00000000 0.00000000 1.00000000
# frame 126 good=1
-0.13057602 -0.88618087 0.44455975 0.45757584
-0.98309718 0.05768916 -0.17375817 -0.02424849
0.12833489 -0.45973409 -0.87873473 -0.06513063
0.00000000 0.00000000 0.00000000 1.00000000
# frame 127 good=1
-0.12916658 -0.88909489 0.43911988 0.45888369
-0.98376724 0.05926417 -0.16938057 -0.02416290
0.12457132 -0.45387007 -0.88231737 -0.06439624
0.00000000 0.00000000 0.00000000 1.00000000
# frame 128 good=1
-0.13013621 -0.89055299 0.43586688 0.45970937
-0.98430902 0.06320499 -0.16474492 -0.02478064
0.11916512 -0.45046698 -0.88480460 -0.06345083
0.00000000 0.00000000 0.00000000 1.00000000
# frame 129 good=1
-0.13224664 -0.89629240 0.42328567 0.46319232
-0.98391522 0.06696375 -0.16561009 -0.02472926
0.12009027 -0.43837859 -0.89073146 -0.06180163
0.00000000 0.00000000 0.00000000 1.00000000
# frame 130 good=1
-0.13303265 -0.89482543 0.42613351 0.46347873
-0.98387312 0.06736236 -0.16569854 -0.02440958
0.11956591 -0.44130462 -0.88935608 -0.06156385
0.00000000 0.00000000 0.00000000 1.00000000
# frame 131 good=1
-0.13234841 -0.89556528 0.42479022 0.46471992
-0.98442917 0.06874315 -0.16178256 -0.02443844
0.11568543 -0.43958754 -0.89071863 -0.06080126
0.00000000 0.00000000 0.00000000 1.00000000
# frame 132 good=1
-0.12570736 -0.90068954 0.41587981 0.46861571
-0.98580155 0.06636718 -0.15424235 -0.02468807
0.11132370 -0.42936436 -0.89624398 -0.05797806
0.00000000 0.00000000 0.00000000 1.00000000
# frame 133 good=1
-0.12473515 -0.90485676 0.40703241 0.47070881
-0.98615269 0.06787656 -0.15131310 -0.02483095
0.10928872 -0.42027017 -0.90079352 -0.05729257
0.00000000 0.00000000 0.00000000 1.00000000
# frame 134 good=1
-0.12586812 -0.90568205 0.40484223 0.47162092
-0.98607318 0.06950138 -0.15109348 -0.02469970
0.10870556 -0.41822192 -0.90181679 -0.05676977
0.00000000 0.00000000 0.00000000 1.00000000
# frame 135 good=1
-0.12241382 -0.90648606 0.40410133 0.47180335
-0.98590035 0.06426300 -0.15450165 -0.02359034
0.11408482 -0.41731678 -0.90157160 -0.05721133
0.00000000 0.00000000 0.00000000 1.00000000
# frame 136 good=1
-0.11877943 -0.90972084 0.39786861 0.47284304
-0.98641815 0.06233011 -0.15196772 -0.02397590
0.11344901 -0.41051546 -0.90476869 -0.05750237
0.00000000 0.00000000 0.00000000 1.00000000
# frame 137 good=1
-0.11663358 -0.91491158 0.38643682 0.47463257
-0.98596585 0.05986692 -0.15584382 -0.02340056
0.11944853 -0.39919013 -0.90905406 -0.05798831
0.00000000 0.00000000 0.00000000 1.00000000
# frame 138 good=1
-0.11726837 -0.91786662 0.37916883 0.47583353
-0.98586356 0.06158651 -0.15582084 -0.02333453
0.11967106 -0.39208159 -0.91211341 -0.05816819
0.00000000 0.00000000 0.00000000 1.00000000
# frame 139 good=1
-0.11892063 -0.92060394 0.37194928 0.47708187
-0.98568466 0.06436866 -0.15582822 -0.02331876
0.11951420 -0.38515589 -0.91507994 -0.05812414
0.00000000 0.00000000 0.00000000 1.00000000
# frame 140 good=1
-0.11877289 -0.92208077 0.36832059 0.47694119
-0.98598891 0.06577105 -0.15329723 -0.02441779
0.11712759 -0.38136757 -0.91697323 -0.05815221
0.00000000 0.00000000 0.00000000 1.00000000
# frame 141 good=1
-0.12337073 -0.92786909 0.35190712 0.47831117
-0.98381297 0.06791594 -0.16582960 -0.02287525
0.12996806 -0.36666931 -0.92122848 -0.05914253
0.00000000 0.00000000 0.00000000 1.00000000
# frame 142 good=1
-0.15719613 -0.93690062 0.31226048 0.48234764
-0.97752375 0.10263442 -0.18415618 -0.02323590
0.14048737 -0.33419067 -0.93197634 -0.06202099
0.00000000 0.00000000 0.00000000 1.00000000
# frame 143 good=1
-0.16687449 -0.93715076 0.30643327 0.48333129
-0.97526152 0.11118878 -0.19105503 -0.02279893
0.14497543 -0.33073479 -0.93252165 -0.06257328
0.00000000 0.00000000 0.00000000 1.00000000
# frame 144 good=1
-0.17438079 -0.93710924 0.30235347 0.48390908
-0.97395506 0.11895688 -0.19303056 -0.02325762
0.14492369 -0.32813951 -0.93344608 -0.06287024
0.00000000 0.00000000 0.00000000 1.00000000
# frame 145 good=1
-0.18310472 -0.93902345 0.29104575 0.48564982
-0.97166956 0.12786287 -0.19876961 -0.02252994
0.14943537 -0.31919595 -0.93583279 -0.06318618
0.00000000 0.00000000 0.00000000 1.00000000
# frame 146 good=1
-0.18587434 -0.94017920 0.28550621 0.48635380
-0.97076605 0.13080629 -0.20125357 -0.02232150
0.15186841 -0.31456761 -0.93700758 -0.06302253
0.00000000 0.00000000 0.00000000 1.00000000
# frame 147 good=1
-0.18416579 -0.94092094 0.28416675 0.48556364
-0.97137108 0.13009173 -0.19878220 -0.02339770
0.15007059 -0.31264025 -0.93794184 -0.06282812
0.00000000 0.00000000 0.00000000 1.00000000
# frame 148 good=1
-0.18791195 -0.94289645 0.27501888 0.48685045
-0.96963504 0.13346973 -0.20492368 -0.02378872
0.15651511 -0.30517555 -0.93934600 -0.06294987
0.00000000 0.00000000 0.00000000 1.00000000
# frame 149 good=1
-0.19743451 -0.94433931 0.26314042 0.48854659
-0.96562333 0.14103933 -0.21835636 -0.02174061
0.16908934 -0.29720561 -0.93972210 -0.06340311
0.00000000 0.00000000 0.00000000 1.00000000
# frame 150 good=1
-0.20083511 -0.94534139 0.25689477 0.48975427
-0.96435431 0.14466305 -0.22157024 -0.02103863
0.17229633 -0.29223666 -0.94069746 -0.06350580
0.00000000 0.00000000 0.00000000 1.00000000
# frame 151 good=1
-0.20169851 -0.94561937 0.25518957 0.48999501
-0.96393877 0.14546703 -0.22284834 -0.02057794
0.17360804 -0.29093530 -0.94085966 -0.06363319
0.00000000 0.00000000 0.00000000 1.00000000
# frame 152 good=1
-0.21259790 -0.94867382 0.23413695 0.49421580
-0.95959988 0.15750292 -0.23315424 -0.01973478
0.18431007 -0.27424589 -0.94383208 -0.06376142
0.00000000 0.00000000 0.00000000 1.00000000
# frame 153 good=1
-0.22217944 -0.94906325 0.22341718 0.49667261
-0.95625780 0.16738941 -0.23989960 -0.01902615
0.19028222 -0.26694518 -0.94473962 -0.06435714
0.00000000 0.00000000 0.00000000 1.00000000
# frame 154 good=1
-0.22576450 -0.94924227 0.21901941 0.49802144
-0.95461091 0.17072680 -0.24407043 -0.01826942
0.19428949 -0.26418076 -0.94470108 -0.06486856
0.00000000 0.00000000 0.00000000 1.00000000
# frame 155 good=1
-0.22982187 -0.94908696 0.21544336 0.49904467
-0.95378154 0.17560400 -0.24385245 -0.01849187
0.19360446 -0.26152853 -0.94557926 -0.06497169
0.00000000 0.00000000 0.00000000 1.00000000
# frame 156 good=1
-0.23423797 -0.94938056 0.20930628 0.50061641
-0.95278369 0.18139023 -0.24351760 -0.01948423
0.19322476 -0.25646468 -0.94704280 -0.06451960
0.00000000 0.00000000 0.00000000 1.00000000
# frame 157 good=1
-0.23754625 -0.95008132 0.20228017 0.50222568
-0.95102714 0.18507075 -0.24758069 -0.01974643
0.19778565 -0.25118580 -0.94751598 -0.06464466
0.00000000 0.00000000 0.00000000 1.00000000
# frame 158 good=1
-0.24668755 -0.95038255 0.18952116 0.50526169
-0.94662879 0.19445016 -0.25706627 -0.01991675
0.20745888 -0.24282123 -0.94762791 -0.06485781
0.00000000 0.00000000 0.00000000 1.00000000
# frame 159 good=1
-0.25046016 -0.95027557 0.18505691 0.50665432
-0.94438420 0.19773937 -0.26275012 -0.01935796
0.21309198 -0.24057325 -0.94695106 -0.06503815
0.00000000 0.00000000 0.00000000 1.00000000
# frame 160 good=1
-0.25607271 -0.94896973 0.18407393 0.50704328
-0.94358830 0.20403467 -0.26078915 -0.02011177
0.20992354 -0.24047099 -0.94768445 -0.06446878
0.00000000 0.00000000 0.00000000 1.00000000
# frame 161 good=1
-0.26667645 -0.94832134 0.17196016 0.50885124
-0.93923477 0.21569785 -0.26704397 -0.02124374
0.21615206 -0.23272530 -0.94821792 -0.06431790
0.00000000 0.00000000 0.00000000 1.00000000
# frame 162 good=1
-0.29460995 -0.94270639 0.15655556 0.51198701
-0.92875818 0.24389239 -0.27915003 -0.02271663
0.22497381 -0.22764263 -0.94739940 -0.06529870
0.00000000 0.00000000 0.00000000 1.00000000
# frame 163 good=1
-0.30299923 -0.94211019 0.14359612 0.51403343
-0.92477296 0.25427499 -0.28308868 -0.02323506
0.23018783 -0.21856946 -0.94828316 -0.06594617
0.00000000 0.00000000 0.00000000 1.00000000
# frame 164 good=1
-0.30990130 -0.94152588 0.13225054 0.51646122
-0.92101232 0.26275632 -0.28756811 -0.02357504
0.23600315 -0.21092211 -0.94858546 -0.06657106
0.00000000 0.00000000 0.00000000 1.00000000
# frame 165 good=1
-0.31631759 -0.94021847 0.12622366 0.51804089
-0.91801303 0.26983596 -0.29058669 -0.02407689
0.23915529 -0.20779265 -0.94848667 -0.06698690
0.00000000 0.00000000 0.00000000 1.00000000
# frame 166 good=1
-0.33203085 -0.93599910 0.11688114 0.52026106
-0.91029536 0.28547924 -0.29977318 -0.02496780
0.24722029 -0.20593030 -0.94682355 -0.06799197
0.00000000 0.00000000 0.00000000 1.00000000
# frame 167 good=1
-0.34089579 -0.93351621 0.11107453 0.52183804
-0.90539705 0.29420568 -0.30610324 -0.02493158
0.25307358 -0.20491586 -0.94549630 -0.06856232
0.00000000 0.00000000 0.00000000 1.00000000
# frame 168 good=1
-0.34598989 -0.93162275 0.11122075 0.52218713
-0.90169546 0.29740829 -0.31383692 -0.02404534
0.25929964 -0.20887164 -0.94294026 -0.06953037
0.00000000 0.00000000 0.00000000 1.00000000
# frame 169 good=1
-0.35480877 -0.92879988 0.10696505 0.52330076
-0.89747080 0.30628928 -0.31738468 -0.02373118
0.26202460 -0.20860888 -0.94224490 -0.07001921
0.00000000 0.00000000 0.00000000 1.00000000
# frame 170 good=1
-0.36912934 -0.92426311 0.09737161 0.52589095
-0.89187404 0.32282137 -0.31677603 -0.02438200
0.26135076 -0.20377454 -0.94348912 -0.07028942
0.00000000 0.00000000 0.00000000 1.00000000
# frame 171 good=1
-0.37201566 -0.92401351 0.08833680 0.52780633
-0.89008253 0.32810818 -0.31638286 -0.02474009
0.26335801 -0.19632642 -0.94450966 -0.07010807
0.00000000 0.00000000 0.00000000 1.00000000
# frame 172 good=1
-0.38688489 -0.91949679 0.06961127 0.53338574
-0.88040626 0.34587606 -0.32442962 -0.02398962
0.27423512 -0.18680312 -0.94334495 -0.07149472
0.00000000 0.00000000 0.00000000 1.00000000
# frame 173 good=1
-0.39119864 -0.91797344 0.06548573 0.53486892
-0.87809237 0.35100488 -0.32519128 -0.02380514
0.27553115 -0.18471691 -0.94337810 -0.07169088
0.00000000 0.00000000 0.00000000 1.00000000
# frame 174 good=1
-0.39777896 -0.91535353 0.06244851 0.53595700
-0.87475871 0.35784845 -0.32671347 -0.02351642
0.27671122 -0.18458712 -0.94305805 -0.07206934
0.00000000 0.00000000 0.00000000 1.00000000
# frame 175 good=1
-0.41348849 -0.90900176 0.05237430 0.53981379
-0.86567746 0.37465074 -0.33202313 -0.02229375
0.28218754 -0.18262700 -0.94181610 -0.07341961
0.00000000 0.00000000 0.00000000 1.00000000
# frame 176 good=1
-0.42453168 -0.90389957 0.05233001 0.54068398
-0.86220506 0.38595500 -0.32808715 -0.02267145
0.27636080 -0.18440259 -0.94319690 -0.07337457
0.00000000 0.00000000 0.00000000 1.00000000
# frame 177 good=1
-0.43467709 -0.89926761 0.04871953 0.54186704
-0.85745711 0.39671360 -0.32769746 -0.02266412
0.27536002 -0.18421748 -0.94352572 -0.07362327
0.00000000 0.00000000 0.00000000 1.00000000
# frame 178 good=1
-0.44299492 -0.89550833 0.04266534 0.54342108
-0.85382133 0.40690392 -0.32468189 -0.02272671
0.27339464 -0.18026100 -0.94486049 -0.07367432
0.00000000 0.00000000 0.00000000 1.00000000
# frame 179 good=1
-0.45080480 -0.89222916 0.02649816 0.54677208
-0.85051443 0.42033938 -0.31613290 -0.02366924
0.27092477 -0.16505129 -0.94834479 -0.07355089
0.00000000 0.00000000 0.00000000 1.00000000
# frame 180 good=1
-0.45321904 -0.89118206 0.01967312 0.54851984
-0.84856510 0.42457640 -0.31570897 -0.02351055
0.27300143 -0.15977924 -0.94865210 -0.07350118
0.00000000 0.00000000 0.00000000 1.00000000
# frame 181 good=1
-0.45367728 -0.89105347 0.01416489 0.54979523
-0.84834130 0.42695331 -0.31309408 -0.02404947
0.27293582 -0.15406033 -0.94961648 -0.07315445
0.00000000 0.00000000 0.00000000 1.00000000
# frame 182 good=1
-0.46551314 -0.88493198 -0.01388899 0.55557229
-0.83479590 0.44424356 -0.32521295 -0.02276479
0.29396143 -0.13979643 -0.94553881 -0.07494236
0.00000000 0.00000000 0.00000000 1.00000000
# frame 183 good=1
-0.47060943 -0.88208360 -0.02133730 0.55733956
-0.83108557 0.45126381 -0.32505037 -0.02312561
0.29635035 -0.13523865 -0.94545596 -0.07532007
0.00000000 0.00000000 0.00000000 1.00000000
# frame 184 good=1
-0.48225835 -0.87555533 -0.02880532 0.55894158
-0.82151488 0.46342176 -0.33219509 -0.02252249
0.30420419 -0.13653986 -0.94277074 -0.07673006
0.00000000 0.00000000 0.00000000 1.00000000
# frame 185 good=1
-0.48733899 -0.87263168 -0.03185354 0.55926079
-0.81936746 0.46959508 -0.32881215 -0.02285398
0.30189016 -0.13414323 -0.94385800 -0.07682660
0.00000000 0.00000000 0.00000000 1.00000000
# frame 186 good=1
-0.49157989 -0.86980005 -0.04239218 0.56033931
-0.81737406 0.47764924 -0.32210379 -0.02424205
0.30041448 -0.12368947 -0.94575475 -0.07673441
0.00000000 0.00000000 0.00000000 1.00000000
# frame 187 good=1
-0.49843854 -0.86531133 -0.05287090 0.56136570
-0.81211135 0.48739593 -0.32081204 -0.02505241
0.30337135 -0.11696802 -0.94566606 -0.07710733
0.00000000 0.00000000 0.00000000 1.00000000
# frame 188 good=1
-0.50807460 -0.85836368 -0.07121787 0.56280697
-0.80108372 0.50130470 -0.32704505 -0.02446929
0.31642545 -0.10911181 -0.94232136 -0.07918372
0.00000000 0.00000000 0.00000000 1.00000000
# frame 189 good=1
-0.51605857 -0.85315861 -0.07618359 0.56310114
-0.79601277 0.51052720 -0.32515481 -0.02492207
0.31630242 -0.10715581 -0.94258708 -0.07961118
0.00000000 0.00000000 0.00000000 1.00000000
# frame 190 good=1
-0.52204523 -0.84873559 -0.08436041 0.56431966
-0.79104782 0.51878608 -0.32419802 -0.02505211
0.31892340 -0.10251291 -0.94222023 -0.08032734
0.00000000 0.00000000 0.00000000 1.00000000
# frame 191 good=1
-0.53047981 -0.84308278 -0.08833224 0.56505100
-0.78573314 0.52813377 -0.32202198 -0.02533051
0.31814243 -0.10142059 -0.94260239 -0.08063844
0.00000000 0.00000000 0.00000000 1.00000000
# frame 192 good=1
-0.54629977 -0.82954713 -0.11579345 0.56841357
-0.77366922 0.55273298 -0.30971306 -0.02786673
0.32092444 -0.07961035 -0.94375298 -0.08197834
0.00000000 0.00000000 0.00000000 1.00000000
# frame 193 good=1
-0.54709285 -0.82798814 -0.12298398 0.56930245
-0.77285217 0.55607515 -0.30574493 -0.02886039
0.32154151 -0.07222243 -0.94413716 -0.08175148
0.00000000 0.00000000 0.00000000 1.00000000
# frame 194 good=1
-0.54923461 -0.82607105 -0.12628529 0.56962766
-0.77076370 0.55915106 -0.30540695 -0.02922272
0.32290040 -0.07040395 -0.94381069 -0.08214820
0.00000000 0.00000000 0.00000000 1.00000000
# frame 195 good=1
-0.54862505 -0.82658344 -0.12558013 0.56892379
-0.76889364 0.55781043 -0.31249015 -0.02798338
0.32834909 -0.07488216 -0.94158353 -0.08301913
0.00000000 0.00000000 0.00000000 1.00000000
# frame 196 good=1
-0.55312499 -0.82258818 -0.13191451 0.56974389
-0.76498884 0.56420229 -0.31059275 -0.02883242
0.32991639 -0.07088349 -0.94134516 -0.08348470
0.00000000 0.00000000 0.00000000 1.00000000
# frame 197 good=1
-0.55986045 -0.81649593 -0.14103433 0.57041084
-0.75845764 0.57352916 -0.30952594 -0.03060043
0.33361397 -0.06632277 -0.94037387 -0.08332760
