# frame 0
1.00000000 0.00000000 0.00000000 0.00000000
0.00000000 1.00000000 0.00000000 0.00000000
0.00000000 0.00000000 1.00000000 0.00000000
0.00000000 0.00000000 0.00000000 1.00000000
# frame 1
-0.21205426 0.31015194 0.92673554 0.51708698
0.05141735 -0.94344757 0.32751022 -2.39331810
0.97590432 0.11710022 0.18411488 2.27044987
0.00000000 0.00000000 0.00000000 1.00000000
# frame 2
-0.21074530 0.31216472 0.92635825 0.51744349
0.05303378 -0.94259459 0.32970117 -2.39343543
0.97610135 0.11861125 0.18209210 2.27242292
0.00000000 0.00000000 0.00000000 1.00000000
# frame 3
-0.21002056 0.31133027 0.92680355 0.51860166
0.05558800 -0.94260982 0.32923654 -2.39325595
0.97611543 0.12066560 0.18066121 2.27350466
0.00000000 0.00000000 0.00000000 1.00000000
# frame 4
-0.21130701 0.30985047 0.92700703 0.51826532
0.05405487 -0.94326660 0.32760676 -2.39341106
0.97592388 0.11933485 0.18256992 2.27323389
0.00000000 0.00000000 0.00000000 1.00000000
# frame 5
-0.21438114 0.31066331 0.92602863 0.51876350
0.05451802 -0.94278742 0.32890678 -2.39408191
0.97522741 0.12099666 0.18517909 2.27304428
0.00000000 0.00000000 0.00000000 1.00000000
# frame 6
-0.21414927 0.31007975 0.92627784 0.51927494
0.05832457 -0.94252594 0.32900320 -2.39384554
0.97505812 0.12448055 0.18375597 2.27411034
0.00000000 0.00000000 0.00000000 1.00000000
# frame 7
-0.21970990 0.31051371 0.92482906 0.51829586
0.05302819 -0.94279029 0.32914204 -2.39412630
0.97412297 0.12135778 0.19067438 2.27157314
0.00000000 0.00000000 0.00000000 1.00000000
# frame 8
-0.21579535 0.31112001 0.92554671 0.51807878
0.05620850 -0.94235022 0.32987373 -2.39368769
0.97481946 0.12320881 0.18586720 2.27459316
0.00000000 0.00000000 0.00000000 1.00000000
# frame 9
-0.21957164 0.30703025 0.92602415 0.51839208
0.05570433 -0.94369372 0.32609691 -2.39358235
0.97400479 0.12318519 0.19010546 2.27444794
0.00000000 0.00000000 0.00000000 1.00000000
# frame 10
-0.22193894 0.30714026 0.92542313 0.51935294
0.05862169 -0.94317309 0.32709023 -2.39428736
0.97329677 0.12684393 0.19132175 2.27476811
0.00000000 0.00000000 0.00000000 1.00000000
# frame 11
-0.22469316 0.30271836 0.92621519 0.51961270
0.05754005 -0.94473987 0.32273166 -2.39376198
0.97272922 0.12581006 0.19485815 2.27403625
0.00000000 0.00000000 0.00000000 1.00000000
# frame 12
-0.22480462 0.30139013 0.92662121 0.52000688
0.05753883 -0.94519677 0.32139127 -2.39376901
0.97270353 0.12556695 0.19514296 2.27521664
0.00000000 0.00000000 0.00000000 1.00000000
# frame 13
-0.22542324 0.29926802 0.92715857 0.51929796
0.05460169 -0.94627677 0.31871449 -2.39377164
0.97272967 0.12247008 0.19697223 2.27459390
0.00000000 0.00000000 0.00000000 1.00000000
# frame 14
-0.22706794 0.29505143 0.92810818 0.52021007
0.05564122 -0.94751450 0.31483382 -2.39326062
0.97228813 0.12312974 0.19873315 2.27380274
0.00000000 0.00000000 0.00000000 1.00000000
# frame 15
-0.23069422 0.29550626 0.92706862 0.52033564
0.05599909 -0.94715700 0.31584446 -2.39346338
0.97141355 0.12477849 0.20195556 2.27301504
0.00000000 0.00000000 0.00000000 1.00000000
# frame 16
-0.23276120 0.29394422 0.92704855 0.52055615
0.05346269 -0.94792125 0.31398573 -2.39337527
0.97106332 0.12264621 0.20492424 2.27284457
0.00000000 0.00000000 0.00000000 1.00000000
# frame 17
-0.23871867 0.28863997 0.92720028 0.52222462
0.05100459 -0.94976017 0.30879466 -2.39333797
0.96974838 0.12100652 0.21200352 2.27401796
0.00000000 0.00000000 0.00000000 1.00000000
# frame 18
-0.23843564 0.28575092 0.92816747 0.52365848
0.05428133 -0.95031707 0.30651427 -2.39340205
0.96964013 0.12346609 0.21107852 2.27586090
0.00000000 0.00000000 0.00000000 1.00000000
# frame 19
-0.24673973 0.27338792 0.92971961 0.52869711
0.05240042 -0.95421459 0.29449740 -2.39303638
0.96766404 0.12138191 0.22111701 2.27496865
0.00000000 0.00000000 0.00000000 1.00000000
# frame 20
-0.24967282 0.27394329 0.92877261 0.52984669
0.05288027 -0.95386008 0.29555817 -2.39338869
0.96688529 0.12290659 0.22366674 2.27479663
0.00000000 0.00000000 0.00000000 1.00000000
# frame 21
-0.25230631 0.27275696 0.92841002 0.53088239
0.05143037 -0.95431461 0.29434426 -2.39306817
0.96627969 0.12201338 0.22675161 2.27523445
0.00000000 0.00000000 0.00000000 1.00000000
# frame 22
-0.25905620 0.27297134 0.92648612 0.53311025
0.04870560 -0.95431978 0.29479064 -2.39344624
0.96463343 0.12149240 0.23392722 2.27437382
0.00000000 0.00000000 0.00000000 1.00000000
# frame 23
-0.26308842 0.26627947 0.92729700 0.53627634
0.04668041 -0.95651778 0.28791436 -2.39352993
0.96364175 0.11903354 0.23921872 2.27442262
0.00000000 0.00000000 0.00000000 1.00000000
# frame 24
-0.26371009 0.26326871 0.92797984 0.53705209
0.04755501 -0.95731576 0.28510536 -2.39387535
0.96342904 0.11931525 0.23993407 2.27550739
0.00000000 0.00000000 0.00000000 1.00000000
# frame 25
-0.26943782 0.26083041 0.92702252 0.53911162
0.04561803 -0.95808492 0.28282905 -2.39509335
0.96193672 0.11849379 0.24624574 2.27405132
0.00000000 0.00000000 0.00000000 1.00000000
# frame 26
-0.27203754 0.25611067 0.92757905 0.54188399
0.04298332 -0.95973601 0.27759544 -2.39525165
0.96132617 0.11538681 0.25007573 2.27326584
0.00000000 0.00000000 0.00000000 1.00000000
# frame 27
-0.27035758 0.25335627 0.92882581 0.54204623
0.04484108 -0.96039258 0.27501885 -2.39575207
0.96171516 0.11600299 0.24828865 2.27376138
0.00000000 0.00000000 0.00000000 1.00000000
# frame 28
-0.26588545 0.24944869 0.93117146 0.54237910
0.04879379 -0.96122028 0.27143089 -2.39557586
0.96276897 0.11760491 0.24340294 2.27545578
0.00000000 0.00000000 0.00000000 1.00000000
# frame 29
-0.26815180 0.23503111 0.93426709 0.54466643
0.04664418 -0.96547897 0.25627073 -2.39709008
0.96224682 0.11229758 0.24793209 2.27446882
0.00000000 0.00000000 0.00000000 1.00000000
# frame 30
-0.26897930 0.22887939 0.93555564 0.54480554
0.04464776 -0.96734667 0.24949349 -2.39679239
0.96211055 0.10887905 0.24997728 2.27460809
0.00000000 0.00000000 0.00000000 1.00000000
# frame 31
-0.27130022 0.22666661 0.93542420 0.54593578
0.04490526 -0.96783543 0.24754414 -2.39721697
0.96144667 0.10916425 0.25239545 2.27425320
0.00000000 0.00000000 0.00000000 1.00000000
# frame 32
-0.27435268 0.22204058 0.93564341 0.54716216
0.04452897 -0.96900030 0.24301355 -2.39779319
0.96059761 0.10833466 0.25596059 2.27380572
0.00000000 0.00000000 0.00000000 1.00000000
# frame 33
-0.27464978 0.21712837 0.93670848 0.54648577
0.04361640 -0.97035489 0.23771623 -2.39741483
0.96055458 0.10614456 0.25703740 2.27465245
0.00000000 0.00000000 0.00000000 1.00000000
# frame 34
-0.27229059 0.21474131 0.93794670 0.54741009
0.04675080 -0.97067488 0.23580636 -2.39744547
0.96107866 0.10805761 0.25426631 2.27687174
0.00000000 0.00000000 0.00000000 1.00000000
# frame 35
-0.27618723 0.21509111 0.93672644 0.54956905
0.04045417 -0.97117063 0.23492781 -2.39683587
0.96025209 0.10277855 0.25952359 2.27828442
0.00000000 0.00000000 0.00000000 1.00000000
# frame 36
-0.27492442 0.21503417 0.93711092 0.55054814
0.04400362 -0.97083353 0.23568187 -2.39728998
0.96045835 0.10603097 0.25744356 2.27866360
0.00000000 0.00000000 0.00000000 1.00000000
# frame 37
-0.27271159 0.21707024 0.93728806 0.55214264
0.04398287 -0.97038343 0.23753210 -2.39718541
0.96108995 0.10600238 0.25508743 2.27880664
0.00000000 0.00000000 0.00000000 1.00000000
# frame 38
-0.27148477 0.22266438 0.93633145 0.55165058
0.03949557 -0.96947279 0.24199711 -2.39761301
0.96163201 0.10267948 0.25440284 2.27857550
0.00000000 0.00000000 0.00000000 1.00000000
# frame 39
-0.26932636 0.21888265 0.93784524 0.55289907
0.03910069 -0.97054097 0.23774223 -2.39718336
0.96225488 0.10070065 0.25283381 2.27838153
0.00000000 0.00000000 0.00000000 1.00000000
# frame 40
-0.27011859 0.21646645 0.93817814 0.55265647
0.03101677 -0.97193736 0.23318603 -2.39564376
0.96232734 0.09208713 0.25582426 2.27848954
0.00000000 0.00000000 0.00000000 1.00000000
# frame 41
-0.26602719 0.21780387 0.93903728 0.55295416
0.03291374 -0.97151957 0.23466233 -2.39539741
0.96340346 0.09333379 0.25128189 2.27996754
0.00000000 0.00000000 0.00000000 1.00000000
# frame 42
-0.26170863 0.22023306 0.93968399 0.55255844
0.03431648 -0.97087860 0.23710150 -2.39515216
0.96453666 0.09429816 0.24652969 2.28269532
0.00000000 0.00000000 0.00000000 1.00000000
# frame 43
-0.25545380 0.21955960 0.94156090 0.55068673
0.04118630 -0.97051741 0.23748608 -2.39411729
0.96594360 0.09944613 0.23887952 2.28942353
0.00000000 0.00000000 0.00000000 1.00000000
# frame 44
-0.26186420 0.22226368 0.93916239 0.55207433
0.03883635 -0.96990466 0.24036783 -2.39415601
0.96432302 0.09941737 0.24535140 2.28907758
0.00000000 0.00000000 0.00000000 1.00000000
# frame 45
-0.25736149 0.22243065 0.94036677 0.55207465
0.03465517 -0.97039646 0.23901826 -2.39436870
0.96569358 0.09410266 0.24203431 2.28973895
0.00000000 0.00000000 0.00000000 1.00000000
# frame 46
-0.25482234 0.22239880 0.94106554 0.55285596
0.04069722 -0.96986384 0.24022463 -2.39495981
0.96613110 0.09951336 0.23809196 2.29011218
0.00000000 0.00000000 0.00000000 1.00000000
# frame 47
-0.24910430 0.21806294 0.94360776 0.55171624
0.04521109 -0.97064103 0.23624553 -2.39435975
0.96742080 0.10151131 0.23193199 2.29104727
0.00000000 0.00000000 0.00000000 1.00000000
# frame 48
-0.24693690 0.21828928 0.94412497 0.55191110
0.04749155 -0.97040044 0.23678585 -2.39438693
0.96786710 0.10330912 0.22926078 2.28945253
0.00000000 0.00000000 0.00000000 1.00000000
# frame 49
-0.24409213 0.22199705 0.94400018 0.55155160
0.04466712 -0.96983798 0.23962290 -2.39537217
0.96872281 0.10065584 0.22681385 2.28574561
0.00000000 0.00000000 0.00000000 1.00000000
# frame 50
-0.24762135 0.22050444 0.94343069 0.55075192
0.04107560 -0.97049168 0.23761038 -2.39510219
0.96798578 0.09758938 0.23125711 2.28453770
0.00000000 0.00000000 0.00000000 1.00000000
# frame 51
-0.24412106 0.22598840 0.94304515 0.55025826
0.03928041 -0.96936490 0.24246390 -2.39561126
0.96894889 0.09623375 0.22776547 2.28501770
0.00000000 0.00000000 0.00000000 1.00000000
# frame 52
-0.24266641 0.22429893 0.94382361 0.54926399
0.03884021 -0.96987749 0.24047681 -2.39607668
0.96933196 0.09501396 0.22664487 2.28361072
0.00000000 0.00000000 0.00000000 1.00000000
# frame 53
-0.24499738 0.22175176 0.94382331 0.54905150
0.03685942 -0.97065752 0.23762443 -2.39538696
0.96882283 0.09300614 0.22963491 2.28325471
0.00000000 0.00000000 0.00000000 1.00000000
# frame 54
-0.24889141 0.22596151 0.94180384 0.54971267
0.03651969 -0.96952303 0.24226310 -2.39657582
0.96784264 0.09469159 0.23305391 2.28241894
0.00000000 0.00000000 0.00000000 1.00000000
# frame 55
-0.24982704 0.22684354 0.94134396 0.54847058
0.02935691 -0.96994968 0.24152805 -2.39524094
0.96784535 0.08797519 0.23566023 2.28123241
0.00000000 0.00000000 0.00000000 1.00000000
# frame 56
-0.25294807 0.23143601 0.93939057 0.54848511
0.02550451 -0.96903397 0.24560676 -2.39519256
0.96714363 0.08608445 0.23921261 2.28029144
0.00000000 0.00000000 0.00000000 1.00000000
# frame 57
-0.24677214 0.23308315 0.94062519 0.54761650
0.02244754 -0.96900846 0.24600551 -2.39511679
0.96881351 0.08182203 0.23389214 2.27793437
0.00000000 0.00000000 0.00000000 1.00000000
# frame 58
-0.23978212 0.22994487 0.94320194 0.54690761
0.02648114 -0.96963444 0.24312097 -2.39433867
0.97046550 0.08327313 0.22641180 2.27997990
0.00000000 0.00000000 0.00000000 1.00000000
# frame 59
-0.24332057 0.22834326 0.94268471 0.54877019
0.03101058 -0.96956584 0.24285887 -2.39471153
0.96945007 0.08832576 0.22883425 2.27851698
0.00000000 0.00000000 0.00000000 1.00000000
# frame 60
-0.24030812 0.22825187 0.94347925 0.55052031
0.03381659 -0.96940242 0.24313658 -2.39442218
0.97010744 0.09033294 0.22523657 2.28031870
0.00000000 0.00000000 0.00000000 1.00000000
# frame 61
-0.23918111 0.22396464 0.94479217 0.55001360
0.02827657 -0.97101519 0.23733927 -2.39306183
0.97056315 0.08348256 0.22591553 2.28126339
0.00000000 0.00000000 0.00000000 1.00000000
# frame 62
-0.24967679 0.22421073 0.94201436 0.55108757
0.01980762 -0.97143835 0.23646391 -2.39304019
0.96812662 0.07769861 0.23810452 2.27929056
0.00000000 0.00000000 0.00000000 1.00000000
# frame 63
-0.25179411 0.22467329 0.94134034 0.55194412
0.01259286 -0.97183630 0.23532027 -2.39230696
0.96769889 0.07110643 0.24187338 2.27979829
0.00000000 0.00000000 0.00000000 1.00000000
# frame 64
-0.25415419 0.22114148 0.94154240 0.55297842
0.01440660 -0.97253518 0.23230963 -2.39163398
0.96705641 0.07260689 0.24398799 2.28039356
0.00000000 0.00000000 0.00000000 1.00000000
# frame 65
-0.25229263 0.21960430 0.94240245 0.55353797
0.02035904 -0.97248715 0.23206518 -2.39062538
0.96743679 0.07773474 0.24088041 2.28296064
0.00000000 0.00000000 0.00000000 1.00000000
# frame 66
-0.25616436 0.22037208 0.94117797 0.55533693
0.02079591 -0.97218429 0.23329217 -2.39097466
0.96640951 0.07933379 0.24445613 2.28344841
0.00000000 0.00000000 0.00000000 1.00000000
# frame 67
-0.25805289 0.21760359 0.94130621 0.55492879
0.01644356 -0.97317479 0.22947860 -2.39038775
0.96599085 0.07469604 0.24755239 2.28213239
0.00000000 0.00000000 0.00000000 1.00000000
# frame 68
-0.26269124 0.21866947 0.93977496 0.55765840
0.01590619 -0.97286746 0.23081572 -2.39138701
0.96474883 0.07558150 0.25208556 2.28062122
0.00000000 0.00000000 0.00000000 1.00000000
# frame 69
-0.27222070 0.21369744 0.93820536 0.55939034
0.00871736 -0.97443971 0.22447998 -2.38987528
0.96219535 0.06928677 0.26339978 2.27900155
0.00000000 0.00000000 0.00000000 1.00000000
# frame 70
-0.27070407 0.21158178 0.93912324 0.56040912
0.00951168 -0.97491215 0.22238668 -2.38891026
0.96261562 0.06913362 0.26190019 2.28008742
0.00000000 0.00000000 0.00000000 1.00000000
# frame 71
-0.26840567 0.20464485 0.94131763 0.56096553
0.00968794 -0.97655122 0.21506712 -2.38744076
0.96325725 0.06684467 0.26012930 2.28112970
0.00000000 0.00000000 0.00000000 1.00000000
# frame 72
-0.26988485 0.20085292 0.94171135 0.56149000
0.00722642 -0.97755244 0.21056830 -2.38678667
0.96286549 0.06363439 0.26237514 2.28006463
0.00000000 0.00000000 0.00000000 1.00000000
# frame 73
-0.27486246 0.20508430 0.93935672 0.56240449
0.00277391 -0.97681357 0.21407370 -2.38748098
0.96147955 0.06144651 0.26792050 2.27894114
0.00000000 0.00000000 0.00000000 1.00000000
# frame 74
-0.27807806 0.20261660 0.93894574 0.56214691
0.00332612 -0.97729085 0.21187622 -2.38793374
0.96055272 0.06204117 0.27108922 2.27735429
0.00000000 0.00000000 0.00000000 1.00000000
# frame 75
-0.28122732 0.19867041 0.93885103 0.56241784
0.00046476 -0.97830719 0.20715895 -2.38676251
0.95964107 0.05869510 0.27503437 2.27654276
0.00000000 0.00000000 0.00000000 1.00000000
# frame 76
-0.28041510 0.19666188 0.93951662 0.56239754
0.00136150 -0.97870421 0.20527108 -2.38651152
0.95987787 0.05884027 0.27417569 2.27769497
0.00000000 0.00000000 0.00000000 1.00000000
# frame 77
-0.28946287 0.19649572 0.93680344 0.56407300
-0.00013611 -0.97871087 0.20524380 -2.38748322
0.95718923 0.05928295 0.28332721 2.27519752
0.00000000 0.00000000 0.00000000 1.00000000
# frame 78
-0.29493176 0.18775683 0.93688987 0.56515662
-0.00522741 -0.98080673 0.19491238 -2.38551428
0.95550402 0.05258835 0.29025254 2.27399254
0.00000000 0.00000000 0.00000000 1.00000000
# frame 79
-0.30530728 0.17988366 0.93510926 0.56850652
-0.01230214 -0.98265887 0.18501404 -2.38409694
0.95217442 0.04498229 0.30222586 2.27203717
0.00000000 0.00000000 0.00000000 1.00000000
# frame 80
-0.30759012 0.17677664 0.93495366 0.56883871
-0.01351883 -0.98330340 0.18147083 -2.38352099
0.95142291 0.04317915 0.30484422 2.27098752
0.00000000 0.00000000 0.00000000 1.00000000
# frame 81
-0.30678192 0.16738521 0.93694559 0.56906335
-0.01383080 -0.98509428 0.17145838 -2.38192229
0.95167934 0.03964163 0.30452419 2.27187059
0.00000000 0.00000000 0.00000000 1.00000000
# frame 82
-0.30964912 0.16636739 0.93618338 0.57030801
-0.01794167 -0.98542133 0.16918304 -2.38139899
0.95068161 0.03559068 0.30811975 2.27086573
0.00000000 0.00000000 0.00000000 1.00000000
# frame 83
-0.31441796 0.16409895 0.93499352 0.57083873
-0.01914975 -0.98584138 0.16658351 -2.38198430
0.94909148 0.03447195 0.31310869 2.26956805
0.00000000 0.00000000 0.00000000 1.00000000
# frame 84
-0.30862280 0.15333344 0.93874428 0.57001238
-0.02220015 -0.98781365 0.15404983 -2.38032528
0.95092540 0.02670303 0.30826584 2.27142928
0.00000000 0.00000000 0.00000000 1.00000000
# frame 85
-0.31551725 0.14765048 0.93736236 0.57079653
-0.02648620 -0.98880583 0.14683841 -2.38023168
0.94855013 0.02150289 0.31589600 2.26981176
0.00000000 0.00000000 0.00000000 1.00000000
# frame 86
-0.31539611 0.14560158 0.93772356 0.57083856
-0.02195002 -0.98901405 0.14618280 -2.37993891
0.94870622 0.02552244 0.31512714 2.27129876
0.00000000 0.00000000 0.00000000 1.00000000
# frame 87
-0.32178725 0.14556501 0.93555534 0.57160096
-0.02867766 -0.98915608 0.14404109 -2.37973757
0.94637760 0.01952105 0.32247228 2.26898182
0.00000000 0.00000000 0.00000000 1.00000000
# frame 88
-0.32530244 0.14207802 0.93487548 0.57247622
-0.03080071 -0.98971545 0.13969482 -2.37905379
0.94510827 0.01664824 0.32633295 2.27001987
0.00000000 0.00000000 0.00000000 1.00000000
# frame 89
-0.33783490 0.14114479 0.93056205 0.57541556
-0.03964233 -0.98994828 0.13576040 -2.37804270
0.94037018 0.00897495 0.34003438 2.26959418
0.00000000 0.00000000 0.00000000 1.00000000
# frame 90
-0.33914759 0.14002335 0.93025393 0.57612367
-0.04054284 -0.99011735 0.13425318 -2.37779901
0.93985913 0.00781651 0.34147286 2.26985366
0.00000000 0.00000000 0.00000000 1.00000000
# frame 91
-0.34622722 0.13757433 0.92800863 0.57715483
-0.04118155 -0.99046454 0.13146895 -2.37755536
0.93724639 0.00730129 0.34859130 2.26853284
0.00000000 0.00000000 0.00000000 1.00000000
# frame 92
-0.34748670 0.13458783 0.92797581 0.57738089
-0.04364261 -0.99089453 0.12737090 -2.37617970
0.93666873 0.00376041 0.35019643 2.26917367
0.00000000 0.00000000 0.00000000 1.00000000
# frame 93
-0.35423990 0.13745007 0.92499815 0.57925906
-0.04800812 -0.99050795 0.12879917 -2.37728832
0.93392147 0.00121838 0.35747615 2.26668856
0.00000000 0.00000000 0.00000000 1.00000000
# frame 94
-0.35149469 0.13400846 0.92654909 0.57921332
-0.03930812 -0.99094187 0.12840981 -2.37788958
0.93536429 0.00871446 0.35357842 2.26740088
0.00000000 0.00000000 0.00000000 1.00000000
# frame 95
-0.35358063 0.13321830 0.92586912 0.57923875
-0.04136206 -0.99106515 0.12680322 -2.37689428
0.93448912 0.00653931 0.35593162 2.26846656
0.00000000 0.00000000 0.00000000 1.00000000
# frame 96
-0.35190662 0.12919418 0.92707637 0.57913499
-0.03658155 -0.99157062 0.12429597 -2.37697123
0.93532001 0.00982669 0.35366639 2.26957097
0.00000000 0.00000000 0.00000000 1.00000000
# frame 97
-0.35103928 0.12594130 0.92785247 0.57883409
-0.03300476 -0.99196196 0.12215629 -2.37703914
0.93577888 0.01225811 0.35237427 2.26970385
0.00000000 0.00000000 0.00000000 1.00000000
# frame 98
-0.35963053 0.12495103 0.92469082 0.57909570
-0.04167499 -0.99215544 0.11785912 -2.37605161
0.93216365 0.00384926 0.36201672 2.26842462
0.00000000 0.00000000 0.00000000 1.00000000
# frame 99
-0.37084835 0.11544116 0.92149055 0.57994284
-0.04968419 -0.99328929 0.10444075 -2.37394643
0.92736346 -0.00705183 0.37409529 2.26884094
0.00000000 0.00000000 0.00000000 1.00000000
# frame 100
-0.38257365 0.10935066 0.91743111 0.58068755
-0.05528129 -0.99390160 0.09541276 -2.37159987
0.92226969 -0.01421437 0.38628561 2.26724716
0.00000000 0.00000000 0.00000000 1.00000000
# frame 101
-0.38710471 0.10204834 0.91637115 0.58108049
-0.05399660 -0.99465973 0.08795676 -2.37054247
0.92045332 -0.01543245 0.39054773 2.26665241
0.00000000 0.00000000 0.00000000 1.00000000
# frame 102
-0.38991893 0.10198515 0.91518427 0.58153610
-0.05979740 -0.99455475 0.08535295 -2.37148419
0.91890560 -0.02144491 0.39389417 2.26762990
0.00000000 0.00000000 0.00000000 1.00000000
# frame 103
-0.39578616 0.09657648 0.91325040 0.58177646
-0.06536679 -0.99489517 0.07688166 -2.37033489
0.91601337 -0.02926755 0.40007863 2.26806718
0.00000000 0.00000000 0.00000000 1.00000000
# frame 104
-0.38704351 0.09526841 0.91712663 0.58095506
-0.05890987 -0.99517090 0.07851442 -2.37062773
0.92017767 -0.02363932 0.39078668 2.27231105
0.00000000 0.00000000 0.00000000 1.00000000
# frame 105
-0.39381660 0.10526481 0.91314172 0.58203341
-0.07455328 -0.99380598 0.08241051 -2.37175346
0.91616063 -0.03562308 0.39922513 2.27159949
0.00000000 0.00000000 0.00000000 1.00000000
# frame 106
-0.39487941 0.10363709 0.91286889 0.58182666
-0.07473228 -0.99394790 0.08051498 -2.37196782
0.91568845 -0.03642707 0.40023460 2.27152425
0.00000000 0.00000000 0.00000000 1.00000000
# frame 107
-0.40593463 0.10350650 0.90802174 0.58250599
-0.09096216 -0.99320798 0.07255200 -2.37196518
0.90936404 -0.05314425 0.41259269 2.26830451
0.00000000 0.00000000 0.00000000 1.00000000
# frame 108
-0.40516922 0.10278968 0.90844493 0.58296965
-0.08541552 -0.99356925 0.07432583 -2.37273512
0.91024288 -0.04748076 0.41134351 2.26877703
0.00000000 0.00000000 0.00000000 1.00000000
# frame 109
-0.40875128 0.10028276 0.90711948 0.58381143
-0.08659931 -0.99372179 0.07083476 -2.37431600
0.90852790 -0.04960213 0.41486948 2.26996981
0.00000000 0.00000000 0.00000000 1.00000000
# frame 110
-0.40766400 0.09134913 0.90855126 0.58291702
-0.08529798 -0.99444250 0.06171202 -2.37265721
0.90913933 -0.05233982 0.41319030 2.27126661
0.00000000 0.00000000 0.00000000 1.00000000
# frame 111
-0.39987209 0.10298301 0.91076715 0.58169697
-0.09439627 -0.99301124 0.07083793 -2.37595650
0.91169713 -0.05764691 0.40679870 2.27419390
0.00000000 0.00000000 0.00000000 1.00000000
# frame 112
-0.40610343 0.10318220 0.90798317 0.58162791
-0.09996142 -0.99265838 0.06809597 -2.37600463
0.90834339 -0.06310928 0.41343621 2.27390838
0.00000000 0.00000000 0.00000000 1.00000000
# frame 113
-0.41228850 0.09934722 0.90562041 0.58281246
-0.10575685 -0.99253548 0.06073549 -2.37368745
0.90489429 -0.07073502 0.41971761 2.27483635
0.00000000 0.00000000 0.00000000 1.00000000
# frame 114
-0.41420312 0.10308835 0.90432769 0.58350449
-0.11425263 -0.99159524 0.06070600 -2.37244857
0.90298511 -0.07817720 0.42249996 2.27664931
0.00000000 0.00000000 0.00000000 1.00000000
# frame 115
-0.41434279 0.10160539 0.90443153 0.58419011
-0.11656480 -0.99148901 0.05798432 -2.37181337
0.90262545 -0.08139950 0.42265994 2.27772835
0.00000000 0.00000000 0.00000000 1.00000000
# frame 116
-0.41799015 0.09829202 0.90311844 0.58568357
-0.12656089 -0.99073539 0.04925177 -2.36957264
0.89959245 -0.09371272 0.42655756 2.27894298
0.00000000 0.00000000 0.00000000 1.00000000
# frame 117
-0.41770319 0.09576362 0.90352276 0.58648866
-0.12406895 -0.99112687 0.04769100 -2.36979776
0.90007274 -0.09217844 0.42587815 2.27986842
0.00000000 0.00000000 0.00000000 1.00000000
# frame 118
-0.42043670 0.09441087 0.90239657 0.58796699
-0.13018813 -0.99055737 0.04297835 -2.36893679
0.89793320 -0.09941164 0.42875784 2.28089789
0.00000000 0.00000000 0.00000000 1.00000000
# frame 119
-0.44866302 0.07812394 0.89027981 0.58932981
-0.15161853 -0.98838517 0.01032362 -2.36705306
0.88074589 -0.13035109 0.45529691 2.28168386
0.00000000 0.00000000 0.00000000 1.00000000
# frame 120
-0.44594683 0.07966480 0.89150712 0.58829111
-0.15186859 -0.98832355 0.01234907 -2.36749526
0.88208127 -0.12988490 0.45283833 2.28281509
0.00000000 0.00000000 0.00000000 1.00000000
# frame 121
-0.44325157 0.08311703 0.89253549 0.58746783
-0.15415346 -0.98792620 0.01544446 -2.36780464
0.88304290 -0.13074165 0.45071262 2.28396594
0.00000000 0.00000000 0.00000000 1.00000000
# frame 122
-0.44421416 0.08504308 0.89187525 0.58789543
-0.15680281 -0.98749930 0.01606274 -2.36701709
0.88209221 -0.13271325 0.45199616 2.28399222
0.00000000 0.00000000 0.00000000 1.00000000
# frame 123
-0.44256498 0.08802600 0.89240555 0.58744203
-0.15918619 -0.98707672 0.01842008 -2.36779205
0.88249419 -0.13390656 0.45085811 2.28498431
0.00000000 0.00000000 0.00000000 1.00000000
# frame 124
-0.44457388 0.08247393 0.89193728 0.58818854
-0.15786793 -0.98737969 0.01261201 -2.36637756
0.88172092 -0.13520132 0.45198321 2.28618238
0.00000000 0.00000000 0.00000000 1.00000000
# frame 125
-0.44390738 0.08160153 0.89234939 0.58852199
-0.15460866 -0.98788456 0.01342632 -2.36632645
0.88263379 -0.13200490 0.45114555 2.28682910
0.00000000 0.00000000 0.00000000 1.00000000
# frame 126
-0.44677134 0.08427204 0.89067030 0.58889131
-0.15857435 -0.98724965 0.01386716 -2.36615404
0.88048256 -0.13504201 0.45443824 2.28678095
0.00000000 0.00000000 0.00000000 1.00000000
# frame 127
-0.45408045 0.08030011 0.88733468 0.59047484
-0.16349069 -0.98652891 0.00561282 -2.36357811
0.87583203 -0.14252229 0.46109181 2.28714227
0.00000000 0.00000000 0.00000000 1.00000000
# frame 128
-0.46131588 0.07770872 0.88382635 0.59084119
-0.17187944 -0.98511312 -0.00309883 -2.36096412
0.87042812 -0.15334112 0.46780486 2.28703005
0.00000000 0.00000000 0.00000000 1.00000000
# frame 129
-0.47521410 0.07443094 0.87671637 0.59166418
-0.16930053 -0.98553120 -0.00809839 -2.35808644
0.86342857 -0.15227701 0.48093952 2.28712463
0.00000000 0.00000000 0.00000000 1.00000000
# frame 130
-0.47571239 0.07134346 0.87670282 0.59148774
-0.16847961 -0.98564138 -0.01121107 -2.35774874
0.86331474 -0.15303979 0.48090173 2.28835356
0.00000000 0.00000000 0.00000000 1.00000000
# frame 131
-0.48196094 0.06697884 0.87362892 0.59237560
-0.16991599 -0.98529049 -0.01819910 -2.35600307
0.85955931 -0.15721478 0.48625231 2.28852570
0.00000000 0.00000000 0.00000000 1.00000000
# frame 132
-0.48867520 0.06691136 0.86989621 0.59269400
-0.17759533 -0.98380863 -0.02409306 -2.35387809
0.85419930 -0.16626319 0.49264602 2.28977973
0.00000000 0.00000000 0.00000000 1.00000000
# frame 133
-0.50604839 0.06499524 0.86005270 0.59334584
-0.18718272 -0.98166703 -0.03595108 -2.35009239
0.84194873 -0.17917999 0.50893700 2.28818515
0.00000000 0.00000000 0.00000000 1.00000000
# frame 134
-0.52231950 0.05947060 0.85067361 0.59542616
-0.19874646 -0.97858308 -0.05361896 -2.34491922
0.82926605 -0.19707459 0.52295260 2.28556013
0.00000000 0.00000000 0.00000000 1.00000000
# frame 135
-0.52574125 0.05996708 0.84852819 0.59710670
-0.20231326 -0.97770377 -0.05625552 -2.34310669
0.82623573 -0.20124435 0.52615134 2.28759194
0.00000000 0.00000000 0.00000000 1.00000000
# frame 136
-0.53761363 0.06135964 0.84095575 0.59932544
-0.20939869 -0.97582023 -0.06266634 -2.34127313
0.81677645 -0.20978531 0.53746288 2.29038212
0.00000000 0.00000000 0.00000000 1.00000000
# frame 137
-0.53990875 0.05756886 0.83975256 0.59940766
-0.20807187 -0.97582434 -0.06688009 -2.34116368
0.81560078 -0.21083803 0.53883457 2.29236964
0.00000000 0.00000000 0.00000000 1.00000000
# frame 138
-0.54864017 0.05154177 0.83446834 0.60098968
-0.21280509 -0.97383353 -0.07976374 -2.33859578
0.80852208 -0.22134070 0.54525254 2.29319998
0.00000000 0.00000000 0.00000000 1.00000000
# frame 139
-0.55633162 0.03324070 0.83029524 0.60395047
-0.20828907 -0.97287854 -0.10061317 -2.33686000
0.80443196 -0.22891572 0.54816677 2.29814747
0.00000000 0.00000000 0.00000000 1.00000000
# frame 140
-0.55320635 0.03684640 0.83222898 0.60433824
-0.21186789 -0.97239425 -0.09778250 -2.33691724
0.80565174 -0.23041649 0.54574125 2.30032559
0.00000000 0.00000000 0.00000000 1.00000000
# frame 141
-0.55565943 0.03696548 0.83058784 0.60470020
-0.21360173 -0.97182546 -0.09964728 -2.33662750
0.80350290 -0.23278495 0.54789987 2.30019950
0.00000000 0.00000000 0.00000000 1.00000000
# frame 142
-0.55180852 0.03422511 0.83326826 0.60446574
-0.20859418 -0.97306288 -0.09816870 -2.33734116
0.80746259 -0.22798524 0.54408355 2.30186552
0.00000000 0.00000000 0.00000000 1.00000000
# frame 143
-0.55287915 0.03298441 0.83260836 0.60488411
-0.20928272 -0.97268348 -0.10043697 -2.33697937
0.80655154 -0.22978005 0.54467948 2.30173790
0.00000000 0.00000000 0.00000000 1.00000000
# frame 144
-0.55084221 0.02795334 0.83414116 0.60435261
-0.20817420 -0.97245201 -0.10488375 -2.33597338
0.80823039 -0.23142106 0.54148677 2.30238911
0.00000000 0.00000000 0.00000000 1.00000000
# frame 145
-0.54574673 0.02891436 0.83745117 0.60404510
-0.21101587 -0.97193900 -0.10395619 -2.33614133
0.81094563 -0.23344923 0.53653392 2.30346071
0.00000000 0.00000000 0.00000000 1.00000000
# frame 146
-0.54765801 0.02719410 0.83626024 0.60406897
-0.21355300 -0.97091214 -0.10828080 -2.33488325
0.80899062 -0.23788673 0.53753519 2.30343752
0.00000000 0.00000000 0.00000000 1.00000000
# frame 147
-0.54637019 0.02873889 0.83705059 0.60335409
-0.21448469 -0.97088538 -0.10666723 -2.33503176
0.80961468 -0.23781433 0.53662688 2.30357359
0.00000000 0.00000000 0.00000000 1.00000000
# frame 148
-0.54688803 0.02797464 0.83673825 0.60373270
-0.21493739 -0.97063446 -0.10803084 -2.33492329
0.80914486 -0.23892710 0.53684117 2.30473743
0.00000000 0.00000000 0.00000000 1.00000000
# frame 149
-0.54495470 0.02708260 0.83802799 0.60505785
-0.21729244 -0.96989349 -0.10995731 -2.33434746
0.80981996 -0.24201890 0.53443286 2.30689807
0.00000000 0.00000000 0.00000000 1.00000000
# frame 150
-0.54249609 0.02654222 0.83963891 0.60497914
-0.21743695 -0.96987573 -0.10982821 -2.33464362
0.81143032 -0.24214990 0.53192505 2.30753107
0.00000000 0.00000000 0.00000000 1.00000000
# frame 151
-0.54178853 0.02794869 0.84005003 0.60569028
-0.22368016 -0.96820041 -0.11204977 -2.33330443
0.81020515 -0.24860980 0.53081144 2.30874261
0.00000000 0.00000000 0.00000000 1.00000000
# frame 152
-0.54014524 0.02882860 0.84107790 0.60534780
-0.22330145 -0.96849901 -0.11020946 -2.33355558
0.81140593 -0.24734303 0.52956760 2.30976377
0.00000000 0.00000000 0.00000000 1.00000000
# frame 153
-0.54186477 0.03053207 0.83991093 0.60593141
-0.22775554 -0.96728184 -0.11177327 -2.33329349
0.80901792 -0.25186036 0.53108980 2.31075898
0.00000000 0.00000000 0.00000000 1.00000000
# frame 154
-0.54346348 0.03297806 0.83878477 0.60585994
-0.23511808 -0.96521230 -0.11438842 -2.33389461
0.80583307 -0.25937939 0.53231137 2.31220349
0.00000000 0.00000000 0.00000000 1.00000000
# frame 155
-0.54067858 0.03520053 0.84049247 0.60603523
-0.23862269 -0.96450277 -0.11310889 -2.33363908
0.80667582 -0.26171613 0.52988563 2.31352947
0.00000000 0.00000000 0.00000000 1.00000000
# frame 156
-0.53999306 0.03723980 0.84084523 0.60565413
-0.24390741 -0.96307666 -0.11398474 -2.33341125
0.80555364 -0.26663935 0.52913777 2.31330742
0.00000000 0.00000000 0.00000000 1.00000000
# frame 157
-0.53880188 0.03186667 0.84182959 0.60599322
-0.24323980 -0.96260860 -0.11924376 -2.33293215
0.80655250 -0.26901522 0.52640656 2.31452732
0.00000000 0.00000000 0.00000000 1.00000000
# frame 158
-0.53705241 0.03421565 0.84285467 0.60596435
-0.24898878 -0.96108887 -0.11963598 -2.33218936
0.80596483 -0.27411215 0.52467440 2.31528744
0.00000000 0.00000000 0.00000000 1.00000000
# frame 159
-0.53356804 0.03410954 0.84506904 0.60627039
-0.24921092 -0.96116541 -0.11855371 -2.33256616
0.80820732 -0.27385690 0.52134761 2.31749514
0.00000000 0.00000000 0.00000000 1.00000000
# frame 160
-0.53198076 0.03872119 0.84587064 0.60605816
-0.25460785 -0.96004023 -0.11617920 -2.33249137
0.80757124 -0.27717041 0.52058165 2.31860875
0.00000000 0.00000000 0.00000000 1.00000000
# frame 161
-0.53116350 0.03925039 0.84635970 0.60611902
-0.25391959 -0.96038621 -0.11481795 -2.33243001
0.80832554 -0.27589442 0.52008854 2.31904011
0.00000000 0.00000000 0.00000000 1.00000000
# frame 162
-0.52911724 0.03956331 0.84762591 0.60682098
-0.25132678 -0.96139894 -0.11201310 -2.33324090
0.81047504 -0.27229916 0.51863607 2.32081745
0.00000000 0.00000000 0.00000000 1.00000000
# frame 163
-0.52613010 0.03681099 0.84960701 0.60187596
-0.25155163 -0.96109047 -0.11413535 -2.33712406
0.81234777 -0.27377007 0.51491849 2.32305776
0.00000000 0.00000000 0.00000000 1.00000000
# frame 164
-0.53209757 0.03337425 0.84602502 0.60273148
-0.25203665 -0.96016868 -0.12063849 -2.33620930
0.80830051 -0.27742075 0.51931495 2.32473693
0.00000000 0.00000000 0.00000000 1.00000000
# frame 165
-0.53268643 0.03651566 0.84552456 0.60242889
-0.25637894 -0.95908587 -0.12010051 -2.33564042
0.80654511 -0.28075060 0.52025387 2.32430176
0.00000000 0.00000000 0.00000000 1.00000000
# frame 166
-0.53504764 0.03797474 0.84396798 0.60288855
-0.25685310 -0.95901092 -0.11968518 -2.33535586
0.80482949 -0.28081306 0.52287046 2.32440979
0.00000000 0.00000000 0.00000000 1.00000000
# frame 167
-0.54055362 0.04563879 0.84007076 0.60380988
-0.26861222 -0.95562786 -0.12092506 -2.33410096
0.79727615 -0.29101976 0.52882723 2.32512975
0.00000000 0.00000000 0.00000000 1.00000000
# frame 168
-0.54239785 0.04780137 0.83876075 0.60404767
-0.27065331 -0.95509403 -0.12059096 -2.33355679
0.79533098 -0.29242165 0.53097855 2.32439799
0.00000000 0.00000000 0.00000000 1.00000000
# frame 169
-0.54635449 0.05073426 0.83601603 0.60509354
-0.27602354 -0.95330800 -0.12253512 -2.33184432
0.79076405 -0.29770772 0.53484796 2.32443548
0.00000000 0.00000000 0.00000000 1.00000000
# frame 170
-0.54754482 0.04947344 0.83531254 0.60482572
-0.27760325 -0.95245577 -0.12555654 -2.33099461
0.78938654 -0.30063331 0.53524621 2.32424115
0.00000000 0.00000000 0.00000000 1.00000000
# frame 171
-0.54859810 0.04988550 0.83459665 0.60441785
-0.27731471 -0.95256728 -0.12534801 -2.33063145
0.78875641 -0.30021161 0.53641058 2.32343429
0.00000000 0.00000000 0.00000000 1.00000000
# frame 172
-0.54898425 0.04864290 0.83441606 0.60462308
-0.27891100 -0.95174550 -0.12802017 -2.32992686
0.78792446 -0.30300887 0.53606033 2.32397454
0.00000000 0.00000000 0.00000000 1.00000000
# frame 173
-0.54825283 0.04955191 0.83484337 0.60470561
-0.27882151 -0.95196134 -0.12660240 -2.32985255
0.78846522 -0.30218241 0.53573164 2.32466569
0.00000000 0.00000000 0.00000000 1.00000000
# frame 174
-0.55152787 0.04962204 0.83267921 0.60442144
-0.28271300 -0.95026844 -0.13062634 -2.32877370
0.78478683 -0.30745331 0.53812832 2.32420325
0.00000000 0.00000000 0.00000000 1.00000000
# frame 175
-0.55012338 0.05072671 0.83354128 0.60407974
-0.28425589 -0.94992204 -0.12979488 -2.32815044
0.78521516 -0.30834222 0.53699369 2.32416933
0.00000000 0.00000000 0.00000000 1.00000000
# frame 176
-0.54747030 0.05507583 0.83501073 0.60436372
-0.28524492 -0.95035573 -0.12433552 -2.32823025
0.78670935 -0.30625257 0.53600164 2.32510960
0.00000000 0.00000000 0.00000000 1.00000000
# frame 177
-0.54741524 0.05516604 0.83504088 0.60408159
-0.28477309 -0.95055578 -0.12388702 -2.32813639
0.78691858 -0.30561482 0.53605852 2.32527803
0.00000000 0.00000000 0.00000000 1.00000000
# frame 178
-0.54828264 0.06445500 0.83380555 0.60326710
-0.29329249 -0.94852017 -0.11953664 -2.32688155
0.78317665 -0.31008877 0.53896131 2.32471408
0.00000000 0.00000000 0.00000000 1.00000000
# frame 179
-0.54486211 0.07499011 0.83516571 0.60397854
-0.29410303 -0.94981171 -0.10658856 -2.32600775
0.78525709 -0.30370083 0.53957123 2.32760856
0.00000000 0.00000000 0.00000000 1.00000000
# frame 180
-0.54337285 0.07281476 0.83632766 0.60335643
-0.29497464 -0.94926748 -0.10900097 -2.32510007
0.78596178 -0.30592362 0.53728468 2.32755528
0.00000000 0.00000000 0.00000000 1.00000000
# frame 181
-0.53901422 0.07697422 0.83877210 0.60205686
-0.29980170 -0.94813353 -0.10564913 -2.32550178
0.78713570 -0.30841169 0.53413446 2.32711056
0.00000000 0.00000000 0.00000000 1.00000000
# frame 182
-0.54006379 0.07897309 0.83791071 0.60184685
-0.30292533 -0.94710300 -0.10598188 -2.32496720
0.78521803 -0.31106135 0.53541898 2.32666189
0.00000000 0.00000000 0.00000000 1.00000000
# frame 183
-0.53833170 0.08250832 0.83868430 0.60223818
-0.30590532 -0.94644741 -0.10324355 -2.32489151
0.78525213 -0.31213727 0.53474238 2.32738588
0.00000000 0.00000000 0.00000000 1.00000000
# frame 184
-0.53485405 0.08199824 0.84095626 0.60304418
-0.30943931 -0.94514338 -0.10464846 -2.32427712
0.78624326 -0.31619658 0.53088725 2.32888635
0.00000000 0.00000000 0.00000000 1.00000000
# frame 185
-0.53917407 0.08505322 0.83788858 0.60858666
-0.32137024 -0.94038516 -0.11134143 -2.31759297
0.77846804 -0.32930487 0.53436487 2.32876197
0.00000000 0.00000000 0.00000000 1.00000000
# frame 186
-0.53967906 0.08874703 0.83718007 0.60875740
-0.32526400 -0.93918984 -0.11011713 -2.31756558
0.77649845 -0.33173245 0.53572730 2.32912362
0.00000000 0.00000000 0.00000000 1.00000000
# frame 187
-0.54062145 0.09032480 0.83640294 0.60843839
-0.32676403 -0.93870188 -0.10983651 -2.31723078
0.77521205 -0.33268637 0.53699726 2.32866751
0.00000000 0.00000000 0.00000000 1.00000000
# frame 188
-0.53700728 0.10036328 0.83758605 0.60948807
-0.33392089 -0.93708750 -0.10180300 -2.31566649
0.77467414 -0.33435643 0.53673621 2.32956439
0.00000000 0.00000000 0.00000000 1.00000000
# frame 189
-0.54927896 0.11194169 0.82810729 0.61289573
-0.34497363 -0.93297675 -0.10270138 -2.30813514
0.76110829 -0.34208688 0.55108143 2.32729519
0.00000000 0.00000000 0.00000000 1.00000000
# frame 190
-0.54991812 0.12561076 0.82571908 0.61472232
-0.35472461 -0.93015810 -0.09474363 -2.30596670
0.75614847 -0.34500412 0.55606802 2.32902959
0.00000000 0.00000000 0.00000000 1.00000000
# frame 191
-0.55486155 0.12770718 0.82208244 0.61529746
-0.35663446 -0.92926216 -0.09635201 -2.30523833
0.75162525 -0.34664495 0.56115662 2.32864105
0.00000000 0.00000000 0.00000000 1.00000000
# frame 192
-0.55479074 0.13079006 0.82164542 0.61608387
-0.36009841 -0.92802140 -0.09542229 -2.30339894
0.75002425 -0.34881261 0.56195497 2.33067648
0.00000000 0.00000000 0.00000000 1.00000000
# frame 193
-0.55645607 0.13398869 0.82000224 0.61601414
-0.36417687 -0.92639383 -0.09575844 -2.30267713
0.74681447 -0.35191122 0.56429305 2.33122986
0.00000000 0.00000000 0.00000000 1.00000000
# frame 194
-0.56766646 0.14196059 0.81092662 0.62005425
-0.37685356 -0.92056725 -0.10265153 -2.29727722
0.73194002 -0.36387242 0.57607350 2.33257825
0.00000000 0.00000000 0.00000000 1.00000000
# frame 195
-0.56575759 0.14454438 0.81180371 0.62025571
-0.37836511 -0.92025713 -0.09983316 -2.29745458
0.73263783 -0.36363957 0.57533301 2.33346217
0.00000000 0.00000000 0.00000000 1.00000000
# frame 196
-0.57572532 0.14087116 0.80541646 0.62375871
-0.38513524 -0.91564804 -0.11515000 -2.29129453
0.72125669 -0.37648903 0.58141621 2.33240171
0.00000000 0.00000000 0.00000000 1.00000000
# frame 197
-0.58123498 0.14826326 0.80011493 0.62674952
-0.39586648 -0.91058607 -0.11883916 -2.28834619
0.71095403 -0.38581215 0.58795693 2.33386749
0.00000000 0.00000000 0.00000000 1.00000000
# frame 198
-0.58381277 0.14593230 0.79866539 0.62882893
-0.39843087 -0.90860956 -0.12522585 -2.28641566
0.70740051 -0.39132140 0.58860180 2.33436498
0.00000000 0.00000000 0.00000000 1.00000000
