# frame 0
1.00000000 0.00000000 0.00000000 0.00000000
0.00000000 1.00000000 0.00000000 0.00000000
0.00000000 0.00000000 1.00000000 0.00000000
0.00000000 0.00000000 0.00000000 1.00000000
# frame 1
0.00484354 0.96603317 -0.25837270 -1.66393213
-0.94481770 -0.08021382 -0.31762439 -0.08195019
-0.32756076 0.24565353 0.91233672 -0.63801351
0.00000000 0.00000000 0.00000000 1.00000000
# frame 2
0.00860690 0.96716715 -0.25399533 -1.66543437
-0.94401681 -0.07591120 -0.32104479 -0.08102900
-0.32978506 0.24253906 0.91236869 -0.63772230
0.00000000 0.00000000 0.00000000 1.00000000
# frame 3
0.00504487 0.96739090 -0.25323782 -1.66506129
-0.94599193 -0.07747246 -0.31479721 -0.08204342
-0.32415091 0.24114905 0.91475315 -0.63785947
0.00000000 0.00000000 0.00000000 1.00000000
# frame 4
0.00546587 0.96717892 -0.25403750 -1.66569084
-0.94534909 -0.07782458 -0.31663612 -0.08201203
-0.32601414 0.24188481 0.91389634 -0.63744549
0.00000000 0.00000000 0.00000000 1.00000000
# frame 5
0.00659815 0.96663697 -0.25606530 -1.66536799
-0.94528499 -0.07749746 -0.31690760 -0.08246316
-0.32617901 0.24414569 0.91323608 -0.63727072
0.00000000 0.00000000 0.00000000 1.00000000
# frame 6
0.00719482 0.96747446 -0.25286638 -1.66595816
-0.94495219 -0.07614633 -0.31822492 -0.08253373
-0.32712933 0.24123620 0.91366925 -0.63744154
0.00000000 0.00000000 0.00000000 1.00000000
# frame 7
0.00851394 0.96762415 -0.25225188 -1.66642187
-0.94620469 -0.07380278 -0.31503941 -0.08370800
-0.32345663 0.24136414 0.91494216 -0.63760978
0.00000000 0.00000000 0.00000000 1.00000000
# frame 8
0.00886026 0.96695376 -0.25479779 -1.66608263
-0.94587936 -0.07455784 -0.31583757 -0.08387999
-0.32439750 0.24380638 0.91396100 -0.63677579
0.00000000 0.00000000 0.00000000 1.00000000
# frame 9
0.00801088 0.96643387 -0.25679057 -1.66545630
-0.94658806 -0.07545176 -0.31349333 -0.08414148
-0.32234587 0.24558625 0.91421033 -0.63663684
0.00000000 0.00000000 0.00000000 1.00000000
# frame 10
0.00792495 0.96708553 -0.25432810 -1.66613154
-0.94609146 -0.07510588 -0.31507152 -0.08384199
-0.32380265 0.24311457 0.91435614 -0.63699642
0.00000000 0.00000000 0.00000000 1.00000000
# frame 11
0.00780051 0.96831451 -0.24961203 -1.66656598
-0.94573562 -0.07394587 -0.31641135 -0.08378230
-0.32484348 0.23853516 0.91519271 -0.63699093
0.00000000 0.00000000 0.00000000 1.00000000
# frame 12
0.00652896 0.96896874 -0.24709706 -1.66710237
-0.94563248 -0.07436972 -0.31662022 -0.08350776
-0.32517164 0.23573021 0.91580275 -0.63677994
0.00000000 0.00000000 0.00000000 1.00000000
# frame 13
0.00298827 0.96901056 -0.24700122 -1.66864246
-0.94529232 -0.07783791 -0.31680227 -0.08234455
-0.32621081 0.23443505 0.91576564 -0.63465376
0.00000000 0.00000000 0.00000000 1.00000000
# frame 14
0.00600866 0.96593573 -0.25871232 -1.66876984
-0.94742444 -0.07727203 -0.31050921 -0.08276923
-0.31992317 0.24697612 0.91468681 -0.63535527
0.00000000 0.00000000 0.00000000 1.00000000
# frame 15
0.00693223 0.96294916 -0.26959390 -1.66708087
-0.94730191 -0.08002231 -0.31018628 -0.08321841
-0.32026714 0.25753709 0.91164884 -0.63558983
0.00000000 0.00000000 0.00000000 1.00000000
# frame 16
0.00862007 0.96379817 -0.26649348 -1.66823749
-0.94679664 -0.07787527 -0.31226841 -0.08291043
-0.32171697 0.25500691 0.91184958 -0.63542467
0.00000000 0.00000000 0.00000000 1.00000000
# frame 17
0.00705017 0.96298592 -0.26945947 -1.66790481
-0.94726099 -0.07990373 -0.31034175 -0.08306096
-0.32038556 0.25743640 0.91163567 -0.63628679
0.00000000 0.00000000 0.00000000 1.00000000
# frame 18
0.00631212 0.96337981 -0.26806621 -1.66786340
-0.94620951 -0.08096689 -0.31326014 -0.08199225
-0.32349299 0.25562414 0.91104807 -0.63649613
0.00000000 0.00000000 0.00000000 1.00000000
# frame 19
0.00571237 0.96414508 -0.26531423 -1.66840914
-0.94684289 -0.08012499 -0.31155824 -0.08253892
-0.32164564 0.25299063 0.91243620 -0.63691932
0.00000000 0.00000000 0.00000000 1.00000000
# frame 20
0.00273954 0.96534308 -0.26096979 -1.66597565
-0.94587824 -0.08218650 -0.31394225 -0.08261794
-0.32451017 0.24770570 0.91287186 -0.63627059
0.00000000 0.00000000 0.00000000 1.00000000
# frame 21
0.00018439 0.96710412 -0.25438078 -1.66667509
-0.94613624 -0.08219183 -0.31316245 -0.08317585
-0.32376872 0.24073662 0.91499710 -0.63588337
0.00000000 0.00000000 0.00000000 1.00000000
# frame 22
-0.00037508 0.96769847 -0.25211016 -1.66654295
-0.94523817 -0.08262711 -0.31574921 -0.08215988
-0.32638116 0.23818571 0.91473652 -0.63627563
0.00000000 0.00000000 0.00000000 1.00000000
# frame 23
-0.00180048 0.96985017 -0.24369531 -1.66660851
-0.94507610 -0.08130125 -0.31657745 -0.08258079
-0.32684543 0.22974062 0.91672859 -0.63629771
0.00000000 0.00000000 0.00000000 1.00000000
# frame 24
0.00027247 0.96929676 -0.24589370 -1.66627665
-0.94468209 -0.08040052 -0.31798035 -0.08255695
-0.32798731 0.23237802 0.91565538 -0.63578045
0.00000000 0.00000000 0.00000000 1.00000000
# frame 25
0.00105314 0.96895361 -0.24724035 -1.66678306
-0.94436161 -0.08035559 -0.31894220 -0.08270218
-0.32890734 0.23382019 0.91495797 -0.63562074
0.00000000 0.00000000 0.00000000 1.00000000
# frame 26
0.00466927 0.96811624 -0.25045787 -1.66765378
-0.94493811 -0.07768397 -0.31789491 -0.08274053
-0.32721579 0.23815152 0.91444720 -0.63696737
0.00000000 0.00000000 0.00000000 1.00000000
# frame 27
0.00514161 0.96738429 -0.25326113 -1.66755035
-0.94505384 -0.07808600 -0.31745208 -0.08281789
-0.32687430 0.24097762 0.91382874 -0.63680183
0.00000000 0.00000000 0.00000000 1.00000000
# frame 28
0.00500532 0.96762832 -0.25232991 -1.66828475
-0.94597165 -0.07722838 -0.31491811 -0.08328015
-0.32421071 0.24027321 0.91496240 -0.63774066
0.00000000 0.00000000 0.00000000 1.00000000
# frame 29
0.00504057 0.96700090 -0.25472308 -1.66797234
-0.94649651 -0.07758122 -0.31324993 -0.08322676
-0.32267469 0.24267347 0.91487192 -0.63755876
0.00000000 0.00000000 0.00000000 1.00000000
# frame 30
0.00388593 0.96739900 -0.25322733 -1.66831456
-0.94702897 -0.07775859 -0.31159224 -0.08352291
-0.32112462 0.24102444 0.91585272 -0.63757518
0.00000000 0.00000000 0.00000000 1.00000000
# frame 31
0.00181749 0.96724135 -0.25385204 -1.66831789
-0.94705431 -0.07983922 -0.31098848 -0.08318398
-0.32106827 0.24097689 0.91588498 -0.63773405
0.00000000 0.00000000 0.00000000 1.00000000
# frame 32
0.00156747 0.96750789 -0.25283598 -1.66815579
-0.94657109 -0.08010212 -0.31238890 -0.08271685
-0.32249143 0.23981689 0.91568943 -0.63788602
0.00000000 0.00000000 0.00000000 1.00000000
# frame 33
0.00328696 0.96663259 -0.25614573 -1.66841112
-0.94581337 -0.08016476 -0.31465961 -0.08221788
-0.32469410 0.24330033 0.91399053 -0.63948992
0.00000000 0.00000000 0.00000000 1.00000000
# frame 34
0.00329257 0.96569779 -0.25964771 -1.66786990
-0.94531186 -0.08167957 -0.31577513 -0.08213863
-0.32615126 0.24648777 0.91261664 -0.63931663
0.00000000 0.00000000 0.00000000 1.00000000
# frame 35
0.00349512 0.96532451 -0.26102947 -1.66727502
-0.94460396 -0.08248222 -0.31767915 -0.08180128
-0.32819376 0.24767979 0.91156106 -0.63922526
0.00000000 0.00000000 0.00000000 1.00000000
# frame 36
0.00351991 0.96489475 -0.26261328 -1.66723089
-0.94478731 -0.08284147 -0.31703981 -0.08163435
-0.32766531 0.24922964 0.91132872 -0.63963303
0.00000000 0.00000000 0.00000000 1.00000000
# frame 37
0.00338758 0.96434224 -0.26463667 -1.66698936
-0.94549761 -0.08308093 -0.31485207 -0.08163730
-0.32561142 0.25127993 0.91150184 -0.63991817
0.00000000 0.00000000 0.00000000 1.00000000
# frame 38
0.00259790 0.96480101 -0.26296816 -1.66736175
-0.94580570 -0.08302167 -0.31394105 -0.08179608
-0.32472270 0.24953238 0.91229862 -0.63964369
0.00000000 0.00000000 0.00000000 1.00000000
# frame 39
0.00264186 0.96514345 -0.26170814 -1.66719086
-0.94638435 -0.08212762 -0.31242875 -0.08121577
-0.32303202 0.24850188 0.91317968 -0.63917926
0.00000000 0.00000000 0.00000000 1.00000000
# frame 40
0.00386403 0.96545767 -0.26053131 -1.66707171
-0.94564530 -0.08119220 -0.31490123 -0.08040655
-0.32517692 0.24758700 0.91266678 -0.63869921
0.00000000 0.00000000 0.00000000 1.00000000
# frame 41
0.00522039 0.96509665 -0.26184194 -1.66639715
-0.94565050 -0.08037387 -0.31509550 -0.08003509
-0.32514286 0.24925589 0.91222455 -0.63861362
0.00000000 0.00000000 0.00000000 1.00000000
# frame 42
0.00499985 0.96548532 -0.26040946 -1.66583828
-0.94513150 -0.08050284 -0.31661606 -0.07912476
-0.32665186 0.24770422 0.91210810 -0.63835153
0.00000000 0.00000000 0.00000000 1.00000000
# frame 43
0.00134860 0.96618925 -0.25783038 -1.66569362
-0.94454922 -0.08343241 -0.31759376 -0.07843519
-0.32836709 0.24396179 0.91250079 -0.63864421
0.00000000 0.00000000 0.00000000 1.00000000
# frame 44
0.00014396 0.96676767 -0.25565650 -1.66562466
-0.94440995 -0.08392080 -0.31787914 -0.07812353
-0.32877018 0.24149030 0.91301293 -0.63894940
0.00000000 0.00000000 0.00000000 1.00000000
# frame 45
0.00008858 0.96756252 -0.25263166 -1.66618987
-0.94344042 -0.08367718 -0.32080883 -0.07770849
-0.33154211 0.23837133 0.91283018 -0.63875939
0.00000000 0.00000000 0.00000000 1.00000000
# frame 46
-0.00016568 0.96661165 -0.25624577 -1.66491323
-0.94369563 -0.08492107 -0.31972952 -0.07748034
-0.33081494 0.24176504 0.91220126 -0.63873658
0.00000000 0.00000000 0.00000000 1.00000000
# frame 47
-0.00014837 0.96649685 -0.25667843 -1.66361254
-0.94301115 -0.08554783 -0.32157666 -0.07682352
-0.33276111 0.24200291 0.91143000 -0.63820049
0.00000000 0.00000000 0.00000000 1.00000000
# frame 48
0.00066101 0.96731181 -0.25358909 -1.66434053
-0.94179743 -0.08464949 -0.32534913 -0.07574815
-0.33618024 0.23904461 0.91095583 -0.63762851
0.00000000 0.00000000 0.00000000 1.00000000
# frame 49
0.00430105 0.96734520 -0.25342605 -1.66436311
-0.94219434 -0.08098909 -0.32513165 -0.07595384
-0.33503929 0.24017500 0.91107883 -0.63797068
0.00000000 0.00000000 0.00000000 1.00000000
# frame 50
0.00350083 0.96685161 -0.25531492 -1.66420374
-0.94261834 -0.08204832 -0.32363365 -0.07671346
-0.33385388 0.24179752 0.91108482 -0.63803114
0.00000000 0.00000000 0.00000000 1.00000000
# frame 51
0.00421621 0.96641039 -0.25696924 -1.66387202
-0.94231577 -0.08216918 -0.32448300 -0.07724518
-0.33469869 0.24351426 0.91031730 -0.63778087
0.00000000 0.00000000 0.00000000 1.00000000
# frame 52
0.00639960 0.96555395 -0.26012424 -1.66282779
-0.94206919 -0.08141677 -0.32538739 -0.07699235
-0.33535756 0.24713738 0.90909759 -0.63810693
0.00000000 0.00000000 0.00000000 1.00000000
# frame 53
0.01273197 0.96525720 -0.26099124 -1.66231364
-0.94192390 -0.07602116 -0.32710877 -0.07739751
-0.33558495 0.24999863 0.90823093 -0.63986648
0.00000000 0.00000000 0.00000000 1.00000000
# frame 54
0.01409881 0.96457502 -0.26343168 -1.66150959
-0.94158277 -0.07585134 -0.32812873 -0.07738345
-0.33648643 0.25266896 0.90715780 -0.64012627
0.00000000 0.00000000 0.00000000 1.00000000
# frame 55
0.01469316 0.96510124 -0.26146455 -1.66184354
-0.94074917 -0.07525626 -0.33064709 -0.07638782
-0.33878476 0.25083081 0.90681243 -0.64027564
0.00000000 0.00000000 0.00000000 1.00000000
# frame 56
0.01408675 0.96569345 -0.25930238 -1.66220558
-0.93993327 -0.07566826 -0.33286599 -0.07547283
-0.34106746 0.24841593 0.90662148 -0.64067525
0.00000000 0.00000000 0.00000000 1.00000000
# frame 57
0.01363984 0.96660891 -0.25589290 -1.66297728
-0.94039494 -0.07457049 -0.33180807 -0.07554335
-0.33981069 0.24516620 0.90797700 -0.64151699
0.00000000 0.00000000 0.00000000 1.00000000
# frame 58
0.01484261 0.96600007 -0.25811540 -1.66205248
-0.94008229 -0.07445794 -0.33271806 -0.07548383
-0.34062441 0.24758812 0.90701441 -0.64150786
0.00000000 0.00000000 0.00000000 1.00000000
# frame 59
0.01658874 0.96637175 -0.25661342 -1.66226159
-0.93998728 -0.07240649 -0.33343848 -0.07585815
-0.34080600 0.24674468 0.90717602 -0.64191953
0.00000000 0.00000000 0.00000000 1.00000000
# frame 60
0.01824779 0.96600387 -0.25788281 -1.66293661
-0.93832797 -0.07252163 -0.33805507 -0.07433716
-0.34526458 0.24814741 0.90510509 -0.64326551
0.00000000 0.00000000 0.00000000 1.00000000
# frame 61
0.01812410 0.96532175 -0.26043318 -1.66257708
-0.93760706 -0.07404899 -0.33972010 -0.07397144
-0.34722402 0.25034111 0.90375042 -0.64377638
0.00000000 0.00000000 0.00000000 1.00000000
# frame 62
0.01924171 0.96467386 -0.26274340 -1.66219836
-0.93718629 -0.07414447 -0.34085840 -0.07413312
-0.34829816 0.25279821 0.90265246 -0.64388198
0.00000000 0.00000000 0.00000000 1.00000000
# frame 63
0.02867590 0.96512049 -0.26023091 -1.66011647
-0.93150585 -0.06863458 -0.35719202 -0.07079604
-0.36259418 0.25264942 0.89704723 -0.64546685
0.00000000 0.00000000 0.00000000 1.00000000
# frame 64
0.02920788 0.96448075 -0.26253341 -1.65988148
-0.93063315 -0.06961156 -0.35927172 -0.07055449
-0.36478601 0.25481586 0.89554455 -0.64509880
0.00000000 0.00000000 0.00000000 1.00000000
# frame 65
0.03007330 0.96384147 -0.26477388 -1.65962417
-0.92949554 -0.07045374 -0.36204186 -0.06968370
-0.36760527 0.25699394 0.89376758 -0.64572483
0.00000000 0.00000000 0.00000000 1.00000000
# frame 66
0.03049850 0.96263924 -0.26906417 -1.65829700
-0.92808802 -0.07267216 -0.36520048 -0.06925536
-0.37110979 0.26085330 0.89119755 -0.64541569
0.00000000 0.00000000 0.00000000 1.00000000
# frame 67
0.03450280 0.96227182 -0.26989349 -1.65859688
-0.92493957 -0.07154303 -0.37332077 -0.06792994
-0.37854505 0.26251578 0.88757485 -0.64611779
0.00000000 0.00000000 0.00000000 1.00000000
# frame 68
0.03883521 0.96107822 -0.27353331 -1.65725337
-0.92369646 -0.06988736 -0.37669696 -0.06755021
-0.38115177 0.26729086 0.88503047 -0.64650437
0.00000000 0.00000000 0.00000000 1.00000000
# frame 69
0.03923303 0.96145611 -0.27214505 -1.65713575
-0.92262380 -0.06972738 -0.37934603 -0.06682779
-0.38370051 0.26597039 0.88432667 -0.64691580
0.00000000 0.00000000 0.00000000 1.00000000
# frame 70
0.04095322 0.96105797 -0.27329548 -1.65753122
-0.92083441 -0.06985785 -0.38364549 -0.06601102
-0.38779739 0.26737140 0.88211434 -0.64687172
0.00000000 0.00000000 0.00000000 1.00000000
# frame 71
0.04690410 0.95925555 -0.27861945 -1.65727737
-0.91540499 -0.07035780 -0.39633760 -0.06405150
-0.39979209 0.27363949 0.87480724 -0.64714832
0.00000000 0.00000000 0.00000000 1.00000000
# frame 72
0.04767777 0.95857538 -0.28082035 -1.65699815
-0.91353014 -0.07185473 -0.40037431 -0.06324850
-0.40396723 0.27562681 0.87226162 -0.64679036
0.00000000 0.00000000 0.00000000 1.00000000
# frame 73
0.06955688 0.95657955 -0.28305017 -1.65628539
-0.90263302 -0.06046083 -0.42614331 -0.05738580
-0.42475342 0.28513162 0.85923483 -0.64650078
0.00000000 0.00000000 0.00000000 1.00000000
# frame 74
0.07696254 0.95703225 -0.27958192 -1.65628912
-0.89989617 -0.05405091 -0.43274170 -0.05602721
-0.42925942 0.28489960 0.85706976 -0.64635619
0.00000000 0.00000000 0.00000000 1.00000000
# frame 75
0.08259096 0.95762309 -0.27592890 -1.65658005
-0.89761666 -0.04880848 -0.43806627 -0.05523297
-0.43297005 0.28385869 0.85554730 -0.64595186
0.00000000 0.00000000 0.00000000 1.00000000
# frame 76
0.08842194 0.95714065 -0.27579584 -1.65661681
-0.89623949 -0.04437585 -0.44134517 -0.05510053
-0.43466807 0.28620372 0.85390345 -0.64599634
0.00000000 0.00000000 0.00000000 1.00000000
# frame 77
0.09657185 0.95684523 -0.27408224 -1.65662990
-0.89190029 -0.03903833 -0.45054398 -0.05376969
-0.44180057 0.28796390 0.84964054 -0.64586805
0.00000000 0.00000000 0.00000000 1.00000000
# frame 78
0.10583853 0.95803519 -0.26639589 -1.65639945
-0.88618334 -0.03065409 -0.46231960 -0.05209221
-0.45108457 0.28500683 0.84575045 -0.64553265
0.00000000 0.00000000 0.00000000 1.00000000
# frame 79
0.11064796 0.95882681 -0.26154956 -1.65689286
-0.88311158 -0.02587344 -0.46844905 -0.05113452
-0.45592869 0.28281037 0.84388822 -0.64546678
0.00000000 0.00000000 0.00000000 1.00000000
# frame 80
0.11834089 0.95905607 -0.25730700 -1.65756457
-0.87995791 -0.01877225 -0.47468060 -0.05035332
-0.46007554 0.28259345 0.84170745 -0.64564169
0.00000000 0.00000000 0.00000000 1.00000000
# frame 81
0.12717642 0.95864355 -0.25461482 -1.65769760
-0.87607413 -0.01180470 -0.48203191 -0.04946160
-0.46510244 0.28436455 0.83834153 -0.64596992
0.00000000 0.00000000 0.00000000 1.00000000
# frame 82
0.15369985 0.95768173 -0.24335585 -1.65793459
-0.86421259 0.01087952 -0.50300918 -0.04780481
-0.47907510 0.28762362 0.82931279 -0.64595873
0.00000000 0.00000000 0.00000000 1.00000000
# frame 83
0.18941863 0.95568598 -0.22535501 -1.66030835
-0.83855872 0.03804856 -0.54348099 -0.04163847
-0.51082273 0.29191884 0.80860592 -0.64485841
0.00000000 0.00000000 0.00000000 1.00000000
# frame 84
0.19899253 0.95355811 -0.22611699 -1.65973716
-0.82899620 0.04073487 -0.55776874 -0.03908897
-0.52265406 0.29844194 0.79860199 -0.64451935
0.00000000 0.00000000 0.00000000 1.00000000
# frame 85
0.20332386 0.95321769 -0.22368602 -1.65908688
-0.82489246 0.04369541 -0.56359838 -0.03757410
-0.52745790 0.29910992 0.79518641 -0.64443631
0.00000000 0.00000000 0.00000000 1.00000000
# frame 86
0.20647159 0.95384190 -0.21807135 -1.66007297
-0.82095505 0.04761844 -0.56900377 -0.03656900
-0.53235542 0.29650989 0.79289318 -0.64434833
0.00000000 0.00000000 0.00000000 1.00000000
# frame 87
0.21197136 0.95323151 -0.21544799 -1.65953985
-0.81656322 0.05163265 -0.57494224 -0.03539800
-0.53692891 0.29779819 0.78931843 -0.64416487
0.00000000 0.00000000 0.00000000 1.00000000
# frame 88
0.21730861 0.95316836 -0.21034980 -1.65982617
-0.81152138 0.05667191 -0.58156800 -0.03441428
-0.54241129 0.29708310 0.78583180 -0.64330418
0.00000000 0.00000000 0.00000000 1.00000000
# frame 89
0.22961379 0.95252732 -0.19992300 -1.66143117
-0.80148055 0.06851255 -0.59408329 -0.03137968
-0.55218333 0.29664412 0.77916355 -0.64195158
0.00000000 0.00000000 0.00000000 1.00000000
# frame 90
0.23514072 0.95222291 -0.19488554 -1.66180128
-0.79909010 0.07524769 -0.59648370 -0.03054462
-0.55332076 0.29598872 0.77860569 -0.64211110
0.00000000 0.00000000 0.00000000 1.00000000
# frame 91
0.24467185 0.95084801 -0.18979921 -1.66271017
-0.78950671 0.08173758 -0.60827471 -0.02828352
-0.56286307 0.29867545 0.77069977 -0.64084233
0.00000000 0.00000000 0.00000000 1.00000000
# frame 92
0.25116791 0.94983152 -0.18637265 -1.66355471
-0.78515496 0.08731897 -0.61311262 -0.02697701
-0.56607983 0.30032563 0.76769665 -0.64048262
0.00000000 0.00000000 0.00000000 1.00000000
# frame 93
0.26649981 0.94707091 -0.17898196 -1.66472158
-0.76316341 0.09392323 -0.63934344 -0.02228430
-0.58869301 0.30697739 0.74780039 -0.63788461
0.00000000 0.00000000 0.00000000 1.00000000
# frame 94
0.26836454 0.94732921 -0.17477940 -1.66556837
-0.76097336 0.09722582 -0.64145669 -0.02125343
-0.59067759 0.30514669 0.74698426 -0.63821370
0.00000000 0.00000000 0.00000000 1.00000000
# frame 95
0.26903419 0.94793591 -0.17040572 -1.66609110
-0.75719475 0.09883113 -0.64566905 -0.02030502
-0.59521149 0.30273737 0.74436105 -0.63807176
0.00000000 0.00000000 0.00000000 1.00000000
# frame 96
0.27670252 0.94681943 -0.16422145 -1.66598265
-0.74617537 0.10401225 -0.65757415 -0.01822061
-0.60552294 0.30449043 0.73527379 -0.63626550
0.00000000 0.00000000 0.00000000 1.00000000
# frame 97
0.28385039 0.94646404 -0.15373608 -1.66654203
-0.74174643 0.11513148 -0.66072458 -0.01801967
-0.60765219 0.30158012 0.73471644 -0.63603950
0.00000000 0.00000000 0.00000000 1.00000000
# frame 98
0.29118034 0.94594461 -0.14283842 -1.66865135
-0.73601236 0.12612614 -0.66511503 -0.01875557
-0.61114632 0.29879926 0.73295237 -0.63654532
0.00000000 0.00000000 0.00000000 1.00000000
# frame 99
0.29522429 0.94512194 -0.13995406 -1.66871197
-0.72828314 0.12779528 -0.67325481 -0.01842517
-0.61842242 0.30068736 0.72604464 -0.63525215
0.00000000 0.00000000 0.00000000 1.00000000
# frame 100
0.30109402 0.94406257 -0.13449259 -1.66888544
-0.71733057 0.13130225 -0.68424891 -0.01602598
-0.62831461 0.30249890 0.71673926 -0.63384833
0.00000000 0.00000000 0.00000000 1.00000000
# frame 101
0.30277978 0.94427203 -0.12913069 -1.66866971
-0.71371626 0.13485890 -0.68732974 -0.01610103
-0.63161183 0.30027223 0.71477485 -0.63339575
0.00000000 0.00000000 0.00000000 1.00000000
# frame 102
0.30624707 0.94445637 -0.11922626 -1.67050746
-0.70077675 0.13889993 -0.69972763 -0.01558230
-0.64430170 0.29784053 0.70439076 -0.63161860
0.00000000 0.00000000 0.00000000 1.00000000
# frame 103
0.31296372 0.94473952 -0.09757531 -1.67095398
-0.68772959 0.15456330 -0.70932235 -0.01228540
-0.65504330 0.28909760 0.69809803 -0.62803161
0.00000000 0.00000000 0.00000000 1.00000000
# frame 104
0.31488886 0.94517801 -0.08650745 -1.67242334
-0.68491910 0.16319008 -0.71010902 -0.01286143
-0.65706227 0.28285603 0.69875721 -0.62724414
0.00000000 0.00000000 0.00000000 1.00000000
# frame 105
0.31313369 0.94643053 -0.07884501 -1.67463390
-0.68161329 0.16615190 -0.71259868 -0.01261449
-0.66132490 0.27688046 0.69712739 -0.62660686
0.00000000 0.00000000 0.00000000 1.00000000
# frame 106
0.31084840 0.94727603 -0.07772638 -1.67575832
-0.68050756 0.16472407 -0.71398560 -0.01195690
-0.66353804 0.27483467 0.69583272 -0.62596424
0.00000000 0.00000000 0.00000000 1.00000000
# frame 107
0.30987191 0.94786710 -0.07434616 -1.67683169
-0.68230607 0.16723514 -0.71168169 -0.01091455
-0.66214637 0.27125700 0.69855695 -0.62433411
0.00000000 0.00000000 0.00000000 1.00000000
# frame 108
0.30778225 0.94871232 -0.07221513 -1.67780052
-0.68202033 0.16706530 -0.71199540 -0.01140049
-0.66341416 0.26839174 0.69846083 -0.62412421
0.00000000 0.00000000 0.00000000 1.00000000
# frame 109
0.30864726 0.94850979 -0.07117625 -1.67760398
-0.67792483 0.16687405 -0.71594062 -0.01050103
-0.66719922 0.26922526 0.69452355 -0.62285295
0.00000000 0.00000000 0.00000000 1.00000000
# frame 110
0.30745346 0.94981653 -0.05762754 -1.67901642
-0.67713621 0.17583462 -0.71454093 -0.00954881
-0.66854987 0.25870977 0.69721613 -0.62097469
0.00000000 0.00000000 0.00000000 1.00000000
# frame 111
0.30458803 0.95120138 -0.04941724 -1.68140767
-0.67597325 0.17932179 -0.71477540 -0.00969813
-0.67103376 0.25111676 0.69760596 -0.62051634
0.00000000 0.00000000 0.00000000 1.00000000
# frame 112
0.30247260 0.95191244 -0.04871372 -1.68151125
-0.67475086 0.17774631 -0.71632222 -0.00903129
-0.67321736 0.24953747 0.69606713 -0.61928483
0.00000000 0.00000000 0.00000000 1.00000000
# frame 113
0.29930052 0.95338790 -0.03834988 -1.68358055
-0.67551558 0.18333893 -0.71418873 -0.00726412
-0.67386787 0.23966300 0.69890182 -0.61655414
0.00000000 0.00000000 0.00000000 1.00000000
# frame 114
0.29975589 0.95352824 -0.03050094 -1.68592740
-0.67234631 0.18846413 -0.71584336 -0.00645880
-0.67682852 0.23508546 0.69759442 -0.61515834
0.00000000 0.00000000 0.00000000 1.00000000
# frame 115
0.29981834 0.95358245 -0.02809763 -1.68683058
-0.67182079 0.19013484 -0.71589494 -0.00586030
-0.67732251 0.23351501 0.69764243 -0.61505315
0.00000000 0.00000000 0.00000000 1.00000000
# frame 116
0.30241504 0.95277954 -0.02750083 -1.68655886
-0.67131144 0.19241659 -0.71576310 -0.00548110
-0.67667282 0.23491915 0.69780147 -0.61441736
0.00000000 0.00000000 0.00000000 1.00000000
# frame 117
0.30184046 0.95310042 -0.02217954 -1.68736673
-0.67037053 0.19564518 -0.71576973 -0.00492424
-0.67786111 0.23091677 0.69798407 -0.61431306
0.00000000 0.00000000 0.00000000 1.00000000
# frame 118
0.30040838 0.95361929 -0.01910627 -1.68827593
-0.67025115 0.19680528 -0.71556347 -0.00459145
-0.67861491 0.22776726 0.69828638 -0.61432347
0.00000000 0.00000000 0.00000000 1.00000000
# frame 119
0.29974668 0.95393766 -0.01244431 -1.69075723
-0.66652267 0.20006678 -0.71813705 -0.00342082
-0.68256828 0.22355362 0.69579043 -0.61282245
0.00000000 0.00000000 0.00000000 1.00000000
# frame 120
0.29816235 0.95446979 -0.00930784 -1.69312271
-0.66529150 0.20081504 -0.71906922 -0.00286166
-0.68446069 0.22059180 0.69487612 -0.61229120
0.00000000 0.00000000 0.00000000 1.00000000
# frame 121
0.29787395 0.95454150 -0.01102902 -1.69345342
-0.66339631 0.19868392 -0.72140837 -0.00152187
-0.68642294 0.22220537 0.69242207 -0.61088110
0.00000000 0.00000000 0.00000000 1.00000000
# frame 122
0.29629495 0.95506535 -0.00771231 -1.69436367
-0.66067729 0.19912075 -0.72377928 -0.00062363
-0.68972083 0.21954749 0.68998846 -0.60986106
0.00000000 0.00000000 0.00000000 1.00000000
# frame 123
0.30205758 0.95328038 0.00421098 -1.69860277
-0.65193868 0.20979288 -0.72867201 0.00240331
-0.69551217 0.21735561 0.68484989 -0.60721406
0.00000000 0.00000000 0.00000000 1.00000000
# frame 124
0.30485131 0.95236942 0.00762633 -1.69965429
-0.64983772 0.21385219 -0.72936834 0.00301802
-0.69625901 0.21739302 0.68407870 -0.60686445
0.00000000 0.00000000 0.00000000 1.00000000
# frame 125
0.30706720 0.95159877 0.01301994 -1.70108052
-0.64757668 0.21894982 -0.72986671 0.00338611
-0.69739097 0.21568672 0.68346548 -0.60704632
0.00000000 0.00000000 0.00000000 1.00000000
# frame 126
0.31338376 0.94921020 0.02811777 -1.70457851
-0.63593091 0.23175963 -0.73612455 0.00426620
-0.70525350 0.21280852 0.67626181 -0.60614762
0.00000000 0.00000000 0.00000000 1.00000000
# frame 127
0.31401296 0.94897510 0.02901923 -1.70619645
-0.63354076 0.23220570 -0.73804242 0.00466581
-0.70712231 0.21337002 0.67413001 -0.60645109
0.00000000 0.00000000 0.00000000 1.00000000
# frame 128
0.31620028 0.94826204 0.02857414 -1.70684567
-0.62998686 0.23239985 -0.74101745 0.00515119
-0.70931935 0.21630860 0.67087752 -0.60652189
0.00000000 0.00000000 0.00000000 1.00000000
# frame 129
0.32051758 0.94672984 0.03116242 -1.70842466
-0.62243799 0.23529827 -0.74646210 0.00698846
-0.71403041 0.21985755 0.66469785 -0.60643416
0.00000000 0.00000000 0.00000000 1.00000000
# frame 130
0.31978728 0.94681669 0.03569664 -1.71074550
-0.61881756 0.23723870 -0.74885421 0.00795591
-0.71749629 0.21738434 0.66177271 -0.60615736
0.00000000 0.00000000 0.00000000 1.00000000
# frame 131
0.32049481 0.94656957 0.03590448 -1.71177581
-0.61540962 0.23688429 -0.75176913 0.00906254
-0.72010699 0.21884214 0.65844821 -0.60589368
0.00000000 0.00000000 0.00000000 1.00000000
# frame 132
0.32410187 0.94530306 0.03687943 -1.71303964
-0.61136342 0.23904003 -0.75438361 0.01125704
-0.72193680 0.22195041 0.65539703 -0.60616529
0.00000000 0.00000000 0.00000000 1.00000000
# frame 133
0.32876275 0.94315410 0.04873799 -1.71679038
-0.60469394 0.24986261 -0.75624990 0.01533075
-0.72543800 0.21915523 0.65246509 -0.60847046
0.00000000 0.00000000 0.00000000 1.00000000
# frame 134
0.33128848 0.94194169 0.05471560 -1.71908663
-0.60025671 0.25514697 -0.75801840 0.01616750
-0.72796965 0.21827936 0.64993408 -0.60892709
0.00000000 0.00000000 0.00000000 1.00000000
# frame 135
0.33495400 0.94058459 0.05573547 -1.72022218
-0.59634086 0.25741918 -0.76033739 0.01731933
-0.72950901 0.22144071 0.64713261 -0.60925845
0.00000000 0.00000000 0.00000000 1.00000000
# frame 136
0.34112754 0.93839820 0.05514362 -1.72064278
-0.59480496 0.26090515 -0.76035226 0.01805764
-0.72790045 0.22657739 0.64716583 -0.61066901
0.00000000 0.00000000 0.00000000 1.00000000
# frame 137
0.34959579 0.93481811 0.06243304 -1.72322496
-0.58622346 0.27023914 -0.76374922 0.01815410
-0.73083845 0.23040379 0.64248677 -0.61265635
0.00000000 0.00000000 0.00000000 1.00000000
# frame 138
0.35236583 0.93370826 0.06346030 -1.72344736
-0.58241848 0.27186230 -0.76608068 0.01823278
-0.73254832 0.23298020 0.63960393 -0.61328779
0.00000000 0.00000000 0.00000000 1.00000000
# frame 139
0.35532054 0.93235070 0.06685423 -1.72441444
-0.58074393 0.27623342 -0.76578821 0.01730260
-0.73245055 0.23327509 0.63960842 -0.61519431
0.00000000 0.00000000 0.00000000 1.00000000
# frame 140
0.36181721 0.92939830 0.07284986 -1.72654217
-0.56489220 0.28073531 -0.77594103 0.01898952
-0.74160981 0.23959650 0.62658472 -0.61639581
0.00000000 0.00000000 0.00000000 1.00000000
# frame 141
0.36601453 0.92755478 0.07533582 -1.72716405
-0.56090136 0.28447860 -0.77747128 0.02019564
-0.74257863 0.24230982 0.62439004 -0.61733836
0.00000000 0.00000000 0.00000000 1.00000000
# frame 142
0.36964982 0.92565770 0.08072692 -1.72891038
-0.55787720 0.29057786 -0.77739149 0.02027767
-0.74305588 0.24232692 0.62381538 -0.61917760
0.00000000 0.00000000 0.00000000 1.00000000
# frame 143
0.39489492 0.91308760 0.10163191 -1.73330392
-0.52945201 0.31658281 -0.78705521 0.02117333
-0.75082527 0.25699488 0.60845300 -0.62401555
0.00000000 0.00000000 0.00000000 1.00000000
# frame 144
0.40901865 0.90634138 0.10606156 -1.73514426
-0.51652202 0.32576650 -0.79188458 0.02076411
-0.75226906 0.26911243 0.60138985 -0.62685752
0.00000000 0.00000000 0.00000000 1.00000000
# frame 145
0.41587258 0.90304875 0.10748471 -1.73528201
-0.50725010 0.32843310 -0.79676159 0.02047985
-0.75481609 0.27682967 0.59465789 -0.62775879
0.00000000 0.00000000 0.00000000 1.00000000
# frame 146
0.42423017 0.89879450 0.11044096 -1.73505644
-0.49564659 0.33253413 -0.80234376 0.02055558
-0.75786755 0.28563874 0.58655544 -0.62767473
0.00000000 0.00000000 0.00000000 1.00000000
# frame 147
0.43225463 0.89379172 0.11955036 -1.73766225
-0.48379809 0.34174144 -0.80569982 0.01972941
-0.76098314 0.29042924 0.58013405 -0.62776804
0.00000000 0.00000000 0.00000000 1.00000000
# frame 148
0.44544994 0.88694528 0.12207546 -1.73788829
-0.46340152 0.34507236 -0.81620101 0.02034311
-0.76605051 0.30700674 0.56472426 -0.62743285
0.00000000 0.00000000 0.00000000 1.00000000
# frame 149
0.45170751 0.88270310 0.12959769 -1.73953006
-0.45344876 0.35224829 -0.81872178 0.02009248
-0.76833882 0.31105687 0.55937383 -0.62760897
0.00000000 0.00000000 0.00000000 1.00000000
# frame 150
0.45664324 0.87929777 0.13532327 -1.74001641
-0.44603155 0.35788741 -0.82034899 0.01902584
-0.76976153 0.31424837 0.55562141 -0.62753655
0.00000000 0.00000000 0.00000000 1.00000000
# frame 151
0.46443740 0.87282776 0.14989866 -1.74349907
-0.41842175 0.36544413 -0.83148892 0.01807435
-0.78052620 0.32345369 0.53493604 -0.62555458
0.00000000 0.00000000 0.00000000 1.00000000
# frame 152
0.47060071 0.86916277 0.15195742 -1.74350467
-0.41254019 0.36897793 -0.83286606 0.01828223
-0.77996511 0.32925882 0.53220585 -0.62532640
0.00000000 0.00000000 0.00000000 1.00000000
# frame 153
0.48468244 0.85406028 0.18884906 -1.74825167
-0.37066951 0.39610974 -0.84006023 0.01297691
-0.79226703 0.33716186 0.50856154 -0.62262137
0.00000000 0.00000000 0.00000000 1.00000000
# frame 154
0.48512105 0.85237558 0.19522663 -1.75043396
-0.35645321 0.39662633 -0.84594838 0.01076649
-0.79849776 0.34079821 0.49624379 -0.62209254
0.00000000 0.00000000 0.00000000 1.00000000
# frame 155
0.48719887 0.85105352 0.19581921 -1.75009146
-0.34067627 0.39168507 -0.85470608 0.01076162
-0.80410008 0.34970088 0.48076227 -0.62047540
0.00000000 0.00000000 0.00000000 1.00000000
# frame 156
0.49181214 0.84567028 0.20727419 -1.75383029
-0.30879952 0.39198980 -0.86659497 0.00957382
-0.81410298 0.36219576 0.45392793 -0.61598873
0.00000000 0.00000000 0.00000000 1.00000000
# frame 157
0.49545647 0.84429252 0.20418872 -1.75413265
-0.30399853 0.38874110 -0.86975011 0.01026693
-0.81370005 0.36885025 0.44926798 -0.61459907
0.00000000 0.00000000 0.00000000 1.00000000
# frame 158
0.49925044 0.84104519 0.20830744 -1.75461396
-0.29802259 0.39242753 -0.87016273 0.01011612
-0.81359175 0.37234880 0.44657008 -0.61262924
0.00000000 0.00000000 0.00000000 1.00000000
# frame 159
0.49901797 0.84010357 0.21261951 -1.75596874
-0.29473941 0.39525966 -0.86999913 0.00938093
-0.81492929 0.37147785 0.44485331 -0.61180802
0.00000000 0.00000000 0.00000000 1.00000000
# frame 160
0.49967808 0.83863663 0.21681887 -1.75651121
-0.28732865 0.39660596 -0.87186350 0.00935284
-0.81716832 0.37335280 0.43913964 -0.60961981
0.00000000 0.00000000 0.00000000 1.00000000
# frame 161
0.49944842 0.83702091 0.22348889 -1.75845669
-0.27639357 0.39843550 -0.87456032 0.00973817
-0.82107117 0.37502687 0.43034518 -0.60565818
0.00000000 0.00000000 0.00000000 1.00000000
# frame 162
0.50229654 0.83460883 0.22611122 -1.75869425
-0.27438407 0.40182041 -0.87364395 0.00980903
-0.82000706 0.37678702 0.43083636 -0.60453896
0.00000000 0.00000000 0.00000000 1.00000000
# frame 163
0.51237237 0.81512826 0.27026002 -1.75946182
-0.24325377 0.43957919 -0.86463735 0.00910708
-0.82359101 0.37727452 0.42351125 -0.59803958
0.00000000 0.00000000 0.00000000 1.00000000
# frame 164
0.51487767 0.80946853 0.28224402 -1.75958521
-0.23680152 0.45072314 -0.86068211 0.00881627
-0.82390899 0.37631019 0.42375066 -0.59622066
0.00000000 0.00000000 0.00000000 1.00000000
# frame 165
0.51773738 0.80239699 0.29682835 -1.76065362
-0.23023969 0.46482585 -0.85494246 0.00806822
-0.82397675 0.37429400 0.42540135 -0.59528609
0.00000000 0.00000000 0.00000000 1.00000000
# frame 166
0.51805752 0.79301314 0.32054104 -1.76337363
-0.21718097 0.48442304 -0.84744719 0.00592553
-0.82731423 0.36941098 0.42318636 -0.59359945
0.00000000 0.00000000 0.00000000 1.00000000
# frame 167
0.51746623 0.78930339 0.33049790 -1.76442257
-0.20931665 0.49125303 -0.84549216 0.00577358
-0.82970792 0.36833493 0.41942119 -0.59075383
0.00000000 0.00000000 0.00000000 1.00000000
# frame 168
0.51852706 0.78642318 0.33566094 -1.76593093
-0.20917848 0.49729757 -0.84198545 0.00539311
-0.82908024 0.36637919 0.42236505 -0.58978085
0.00000000 0.00000000 0.00000000 1.00000000
# frame 169
0.51958100 0.78387943 0.33995386 -1.76906780
-0.21075456 0.50316285 -0.83809884 0.00516673
-0.82802059 0.36381341 0.42664001 -0.58798072
0.00000000 0.00000000 0.00000000 1.00000000
# frame 170
0.52162126 0.78275232 0.33942608 -1.76941934
-0.21536514 0.50575682 -0.83536094 0.00524692
-0.82554777 0.36264149 0.43239107 -0.58758246
0.00000000 0.00000000 0.00000000 1.00000000
# frame 171
0.52286498 0.78068385 0.34226442 -1.77025376
-0.21946722 0.51127778 -0.83092068 0.00426596
-0.82367855 0.35934350 0.43866376 -0.58842778
0.00000000 0.00000000 0.00000000 1.00000000
# frame 172
0.52258258 0.77920456 0.34604581 -1.77042121
-0.22033700 0.51551696 -0.82806634 0.00464849
-0.82362555 0.35648635 0.44108778 -0.58690618
0.00000000 0.00000000 0.00000000 1.00000000
# frame 173
0.51468184 0.77602579 0.36453612 -1.77200248
-0.23025725 0.53466104 -0.81309235 0.00365374
-0.82588389 0.33454678 0.45386589 -0.58467384
0.00000000 0.00000000 0.00000000 1.00000000
# frame 174
0.51406192 0.77520306 0.36715196 -1.77135416
-0.22825015 0.53623433 -0.81262206 0.00460817
-0.82682659 0.33393557 0.45259786 -0.58252927
0.00000000 0.00000000 0.00000000 1.00000000
# frame 175
0.51352805 0.77281485 0.37288891 -1.77251021
-0.23237550 0.54357812 -0.80655096 0.00351937
-0.82600882 0.32753630 0.45872585 -0.58217843
0.00000000 0.00000000 0.00000000 1.00000000
# frame 176
0.50556658 0.77695160 0.37516483 -1.77398107
-0.23975416 0.54421464 -0.80395794 0.00123446
-0.82880660 0.31650694 0.46141411 -0.58129823
0.00000000 0.00000000 0.00000000 1.00000000
# frame 177
0.50588169 0.77689373 0.37485977 -1.77368331
-0.24068938 0.54443789 -0.80352723 0.00107578
-0.82834313 0.31626495 0.46241123 -0.57992783
0.00000000 0.00000000 0.00000000 1.00000000
# frame 178
0.50561531 0.77402008 0.38111164 -1.77539644
-0.24542997 0.55252442 -0.79654309 -0.00101015
-0.82711383 0.30920816 0.46933252 -0.58001770
0.00000000 0.00000000 0.00000000 1.00000000
# frame 179
0.50650752 0.77240011 0.38320779 -1.77413585
-0.24677248 0.55570360 -0.79391237 -0.00162900
-0.82616795 0.30755745 0.47207514 -0.57829130
0.00000000 0.00000000 0.00000000 1.00000000
# frame 180
0.50697513 0.76980453 0.38778501 -1.77422150
-0.24903327 0.56151419 -0.78910345 -0.00221850
-0.82520219 0.30348445 0.47638066 -0.57755103
0.00000000 0.00000000 0.00000000 1.00000000
# frame 181
0.50511681 0.76512506 0.39930021 -1.77527226
-0.25088885 0.57285738 -0.78031353 -0.00402822
-0.82577951 0.29396951 0.48132124 -0.57680568
0.00000000 0.00000000 0.00000000 1.00000000
# frame 182
0.50187906 0.76178158 0.40964159 -1.77688698
-0.25343209 0.58233714 -0.77243487 -0.00581973
-0.82697617 0.28385256 0.48532271 -0.57639522
0.00000000 0.00000000 0.00000000 1.00000000
# frame 183
0.49407511 0.74473816 0.44861438 -1.78069197
-0.26117700 0.61929782 -0.74044364 -0.01170281
-0.82926254 0.24866701 0.50048812 -0.57436703
0.00000000 0.00000000 0.00000000 1.00000000
# frame 184
0.48920460 0.74167497 0.45890859 -1.78220550
-0.26275836 0.62705414 -0.73332200 -0.01408220
-0.83164710 0.23816243 0.50163907 -0.57420309
0.00000000 0.00000000 0.00000000 1.00000000
# frame 185
0.48846791 0.73999497 0.46239220 -1.78209913
-0.26429216 0.63049021 -0.72981624 -0.01444260
-0.83159410 0.23428518 0.50354910 -0.57440759
0.00000000 0.00000000 0.00000000 1.00000000
# frame 186
0.48275557 0.73575005 0.47499360 -1.78400500
-0.26466411 0.63959116 -0.72171743 -0.01722475
-0.83480535 0.22269935 0.50349283 -0.57367463
0.00000000 0.00000000 0.00000000 1.00000000
# frame 187
0.47941638 0.73519463 0.47921685 -1.78430523
-0.26359187 0.64148079 -0.72043162 -0.01738867
-0.83706586 0.21906906 0.50132773 -0.57326608
0.00000000 0.00000000 0.00000000 1.00000000
# frame 188
0.47823116 0.73314442 0.48352272 -1.78428231
-0.26525042 0.64542748 -0.71628597 -0.01781133
-0.83721991 0.21429567 0.50313040 -0.57356779
0.00000000 0.00000000 0.00000000 1.00000000
# frame 189
0.47849094 0.73054013 0.48719353 -1.78433204
-0.26889028 0.65008027 -0.71069942 -0.01851397
-0.83590935 0.20906163 0.50749266 -0.57497418
0.00000000 0.00000000 0.00000000 1.00000000
# frame 190
0.47643634 0.72820803 0.49266772 -1.78459288
-0.26975962 0.65440063 -0.70639193 -0.01873718
-0.83680234 0.20364893 0.50822136 -0.57550930
0.00000000 0.00000000 0.00000000 1.00000000
# frame 191
0.46100917 0.72531002 0.51126893 -1.78719387
-0.28292562 0.66621369 -0.69000900 -0.02268930
-0.84108480 0.17344940 0.51233940 -0.57505694
0.00000000 0.00000000 0.00000000 1.00000000
# frame 192
0.45077601 0.73409468 0.50784446 -1.78838100
-0.29051996 0.65860403 -0.69414615 -0.02460881
-0.84403741 0.16536547 0.51015205 -0.57672266
0.00000000 0.00000000 0.00000000 1.00000000
# frame 193
0.44314080 0.74388717 0.50025804 -1.78659486
-0.28939071 0.64687303 -0.70555531 -0.02093892
-0.84845698 0.16789031 0.50192987 -0.57497567
0.00000000 0.00000000 0.00000000 1.00000000
# frame 194
0.44819164 0.73748115 0.50521858 -1.78654805
-0.29591861 0.65569518 -0.69461933 -0.02066730
-0.84353804 0.16181900 0.51211149 -0.57703476
0.00000000 0.00000000 0.00000000 1.00000000
# frame 195
0.44272689 0.72677729 0.52515491 -1.78900930
-0.29759473 0.67158253 -0.67853834 -0.02336053
-0.84583112 0.14412383 0.51361273 -0.57593538
0.00000000 0.00000000 0.00000000 1.00000000
# frame 196
0.44625953 0.72503889 0.52456748 -1.78837908
-0.30161930 0.67373348 -0.67461766 -0.02235777
-0.84254272 0.14283488 0.51934571 -0.57746820
0.00000000 0.00000000 0.00000000 1.00000000
# frame 197
0.44918477 0.71654499 0.53366312 -1.78843981
-0.30608120 0.68458471 -0.66155730 -0.02304401
-0.83937318 0.13381721 0.52682598 -0.57866290
0.00000000 0.00000000 0.00000000 1.00000000
# frame 198
0.44549122 0.70052635 0.55749475 -1.79169503
-0.31141295 0.70506419 -0.63710789 -0.02945979
-0.83938045 0.11021489 0.53225288 -0.57910653
0.00000000 0.00000000 0.00000000 1.00000000
# frame 199
0.43953903 0.70292347 0.55919946 -1.79271677
-0.31228344 0.70331227 -0.63861640 -0.03250347
-0.84219030 0.10606810 0.52864455 -0.57935259
0.00000000 0.00000000 0.00000000 1.00000000
# frame 200
0.44020962 0.70764977 0.55267286 -1.79110936
-0.30801985 0.69718582 -0.64734512 -0.03054482
-0.84340931 0.11473333 0.52487808 -0.57866926
0.00000000 0.00000000 0.00000000 1.00000000
# frame 201
0.44136443 0.70428908 0.55603446 -1.79282449
-0.31353707 0.70164005 -0.63984041 -0.03244566
-0.84076866 0.10806539 0.53049970 -0.57900108
0.00000000 0.00000000 0.00000000 1.00000000
# frame 202
0.44490418 0.70223882 0.55580654 -1.79431761
-0.32084139 0.70439748 -0.63315480 -0.03405225
-0.83613460 0.10336747 0.53869666 -0.58129421
0.00000000 0.00000000 0.00000000 1.00000000
# frame 203
0.45355038 0.69515246 0.55772315 -1.79679185
-0.32558799 0.71177463 -0.62239002 -0.03572915
-0.82962914 0.10069727 0.54915894 -0.58268651
0.00000000 0.00000000 0.00000000 1.00000000
# frame 204
0.45798932 0.68893413 0.56179672 -1.79795191
-0.32963516 0.71853277 -0.61241433 -0.03661594
-0.82558249 0.09529127 0.55617725 -0.58279176
0.00000000 0.00000000 0.00000000 1.00000000
# frame 205
0.45623644 0.68254507 0.57094706 -1.80154478
-0.34573692 0.72717196 -0.59303197 -0.04174564
-0.81994774 0.07316532 0.56774338 -0.58325567
0.00000000 0.00000000 0.00000000 1.00000000
