# frame 0 good=1
1.00000000 0.00000000 0.00000000 0.00000000
0.00000000 1.00000000 0.00000000 0.00000000
0.00000000 0.00000000 1.00000000 0.00000000
0.00000000 0.00000000 0.00000000 1.00000000
# frame 1 good=1
0.59112410 -0.21132935 0.77840363 -0.13593257
0.78783680 -0.05556310 -0.61337257 -0.06941294
0.17287415 0.97583433 0.13364835 0.26408808
0.00000000 0.00000000 0.00000000 1.00000000
# frame 2 good=1
0.59250279 -0.21202698 0.77716472 -0.13567453
0.78714246 -0.05277871 -0.61450887 -0.06986149
0.17131021 0.97583757 0.13562391 0.26352230
0.00000000 0.00000000 0.00000000 1.00000000
# frame 3 good=1
0.59016351 -0.21598407 0.77785469 -0.13589302
0.78855590 -0.05210861 -0.61275140 -0.07250424
0.17287746 0.97500542 0.13956292 0.26447678
0.00000000 0.00000000 0.00000000 1.00000000
# frame 4 good=1
0.59287286 -0.21857492 0.77506566 -0.13490426
0.78632291 -0.05056329 -0.61574316 -0.07248278
0.17377588 0.97450929 0.14189286 0.26468913
0.00000000 0.00000000 0.00000000 1.00000000
# frame 5 good=1
0.59443231 -0.22177602 0.77295901 -0.13366009
0.78461626 -0.05059513 -0.61791380 -0.07320275
0.17614643 0.97378413 0.14393369 0.26480562
0.00000000 0.00000000 0.00000000 1.00000000
# frame 6 good=1
0.59425504 -0.22402786 0.77244577 -0.13225073
0.78475271 -0.04882375 -0.61788302 -0.07383003
0.17613671 0.97335901 0.14679271 0.26487236
0.00000000 0.00000000 0.00000000 1.00000000
# frame 7 good=1
0.59584330 -0.22473356 0.77101594 -0.13112721
0.78369834 -0.04704675 -0.61935735 -0.07356299
0.17546418 0.97328384 0.14809083 0.26460391
0.00000000 0.00000000 0.00000000 1.00000000
# frame 8 good=1
0.59438022 -0.22721812 0.77141693 -0.13062966
0.78493755 -0.04468955 -0.61796107 -0.07491111
0.17488623 0.97281795 0.15178945 0.26337110
0.00000000 0.00000000 0.00000000 1.00000000
# frame 9 good=1
0.59081488 -0.22863571 0.77373348 -0.13151804
0.78758448 -0.04465440 -0.61458659 -0.07676530
0.17506705 0.97248738 0.15368745 0.26325155
0.00000000 0.00000000 0.00000000 1.00000000
# frame 10 good=1
0.59399813 -0.23043310 0.77075730 -0.13068814
0.78444419 -0.04651470 -0.61845266 -0.07731489
0.17836351 0.97197581 0.15313226 0.26333569
0.00000000 0.00000000 0.00000000 1.00000000
# frame 11 good=1
0.59769027 -0.22654813 0.76905285 -0.12989234
0.78287734 -0.04186223 -0.62076615 -0.07831247
0.17282768 0.97309994 0.15233875 0.26313012
0.00000000 0.00000000 0.00000000 1.00000000
# frame 12 good=1
0.59939287 -0.22462265 0.76829217 -0.12955825
0.78144339 -0.04374035 -0.62244117 -0.07735868
0.17341975 0.97346363 0.14931223 0.26395755
0.00000000 0.00000000 0.00000000 1.00000000
# frame 13 good=1
0.59700947 -0.22401987 0.77032122 -0.12976966
0.78350472 -0.04345597 -0.61986445 -0.07808214
0.17233701 0.97361526 0.14957700 0.26344407
0.00000000 0.00000000 0.00000000 1.00000000
# frame 14 good=1
0.59418659 -0.22211948 0.77304931 -0.13109601
0.78609753 -0.04309525 -0.61659831 -0.07871933
0.17027325 0.97406660 0.14900096 0.26384977
0.00000000 0.00000000 0.00000000 1.00000000
# frame 15 good=1
0.59541641 -0.22384171 0.77160494 -0.13038015
0.78515273 -0.04150097 -0.61791008 -0.07922299
0.17033640 0.97374153 0.15103957 0.26348330
0.00000000 0.00000000 0.00000000 1.00000000
# frame 16 good=1
0.59343515 -0.22596538 0.77251173 -0.13086841
0.78669338 -0.04004770 -0.61604359 -0.08071037
0.17014184 0.97331178 0.15399975 0.26270040
0.00000000 0.00000000 0.00000000 1.00000000
# frame 17 good=1
0.59674479 -0.22312604 0.77078559 -0.13004807
0.78420714 -0.04138947 -0.61911717 -0.08002478
0.17004357 0.97391051 0.15027809 0.26382282
0.00000000 0.00000000 0.00000000 1.00000000
# frame 18 good=1
0.59845744 -0.22131913 0.76997827 -0.13042314
0.78254679 -0.04445082 -0.62100293 -0.08118229
0.17166599 0.97418785 0.14659065 0.26412239
0.00000000 0.00000000 0.00000000 1.00000000
# frame 19 good=1
0.60159236 -0.21893827 0.76821395 -0.13079018
0.77998509 -0.04651495 -0.62406700 -0.08102132
0.17236558 0.97462936 0.14278554 0.26330934
0.00000000 0.00000000 0.00000000 1.00000000
# frame 20 good=1
0.60434444 -0.21519436 0.76711093 -0.13071429
0.77725990 -0.05227447 -0.62700432 -0.08074231
0.17502811 0.97517115 0.13567016 0.26431590
0.00000000 0.00000000 0.00000000 1.00000000
# frame 21 good=1
0.60258074 -0.21360930 0.76893922 -0.13236657
0.77868178 -0.05365474 -0.62512067 -0.08028875
0.17478883 0.97544463 0.13400236 0.26284835
0.00000000 0.00000000 0.00000000 1.00000000
# frame 22 good=1
0.60009977 -0.21306865 0.77102659 -0.13316460
0.78122975 -0.05106204 -0.62215171 -0.08079786
0.17193121 0.97570201 0.13581325 0.26197538
0.00000000 0.00000000 0.00000000 1.00000000
# frame 23 good=1
0.60115145 -0.21223622 0.77043671 -0.13297537
0.78085698 -0.04901353 -0.62278412 -0.08106774
0.16993917 0.97598845 0.13626158 0.26169421
0.00000000 0.00000000 0.00000000 1.00000000
# frame 24 good=1
0.60295724 -0.21338345 0.76870675 -0.13303978
0.77945722 -0.04771755 -0.62463548 -0.07892657
0.16996768 0.97580251 0.13755163 0.26191130
0.00000000 0.00000000 0.00000000 1.00000000
# frame 25 good=1
0.60132069 -0.21322929 0.77003032 -0.13314904
0.78123289 -0.04524553 -0.62259779 -0.07871143
0.16759652 0.97595395 0.13937466 0.26198977
0.00000000 0.00000000 0.00000000 1.00000000
# frame 26 good=1
0.60269640 -0.21344877 0.76889315 -0.13207038
0.78036762 -0.04361417 -0.62379818 -0.07772010
0.16668359 0.97598024 0.14028241 0.26257178
0.00000000 0.00000000 0.00000000 1.00000000
# frame 27 good=1
0.59958745 -0.21579604 0.77066657 -0.13271024
0.78273947 -0.04254548 -0.62089356 -0.07798394
0.16677475 0.97551112 0.14340234 0.26178613
0.00000000 0.00000000 0.00000000 1.00000000
# frame 28 good=1
0.59717515 -0.21272963 0.77338732 -0.13270122
0.78494744 -0.04340394 -0.61804014 -0.07773457
0.16504351 0.97614661 0.14106183 0.26259545
0.00000000 0.00000000 0.00000000 1.00000000
# frame 29 good=1
0.59583112 -0.21142112 0.77478151 -0.13240753
0.78585210 -0.04543555 -0.61674313 -0.07789646
0.16559514 0.97633843 0.13907382 0.26206904
0.00000000 0.00000000 0.00000000 1.00000000
# frame 30 good=1
0.59402273 -0.20606940 0.77760684 -0.13300154
0.78677824 -0.05266367 -0.61498499 -0.07798196
0.16768122 0.97711920 0.13084750 0.26210295
0.00000000 0.00000000 0.00000000 1.00000000
# frame 31 good=1
0.59445166 -0.18979096 0.78141322 -0.13384320
0.78855709 -0.05273993 -0.61269585 -0.07884100
0.15749581 0.98040700 0.11830967 0.26127329
0.00000000 0.00000000 0.00000000 1.00000000
# frame 32 good=1
0.59720983 -0.17859690 0.78194857 -0.13570788
0.78626367 -0.06232297 -0.61474002 -0.07834186
0.15852402 0.98194653 0.10320436 0.26125469
0.00000000 0.00000000 0.00000000 1.00000000
# frame 33 good=1
0.59496236 -0.17175886 0.78518703 -0.13816348
0.78915948 -0.06048296 -0.61120301 -0.07857536
0.15246997 0.98328058 0.09956005 0.26225752
0.00000000 0.00000000 0.00000000 1.00000000
# frame 34 good=1
0.59202467 -0.17298545 0.78713584 -0.13895360
0.79262527 -0.05169313 -0.60751379 -0.07994216
0.14578056 0.98356690 0.10650903 0.26186319
0.00000000 0.00000000 0.00000000 1.00000000
# frame 35 good=1
0.59323521 -0.17332870 0.78614830 -0.13981293
0.79202965 -0.04912020 -0.60850327 -0.08096892
0.14408684 0.98363833 0.10814164 0.26170293
0.00000000 0.00000000 0.00000000 1.00000000
# frame 36 good=1
0.59423249 -0.17443805 0.78514911 -0.14078842
0.79125341 -0.04828166 -0.60957930 -0.08105041
0.14424212 0.98348373 0.10933417 0.26159630
0.00000000 0.00000000 0.00000000 1.00000000
# frame 37 good=1
0.59379742 -0.17373139 0.78563480 -0.14140744
0.79294349 -0.03935022 -0.60802317 -0.08231737
0.13654761 0.98400659 0.11439312 0.26373757
0.00000000 0.00000000 0.00000000 1.00000000
# frame 38 good=1
0.59289584 -0.17900158 0.78513245 -0.14157401
0.79410050 -0.03192780 -0.60694729 -0.08312876
0.13371208 0.98333059 0.12321538 0.26334891
0.00000000 0.00000000 0.00000000 1.00000000
# frame 39 good=1
0.58984651 -0.18019994 0.78715251 -0.14194968
0.79693415 -0.02738384 -0.60344518 -0.08429988
0.13029604 0.98324875 0.12745522 0.26385108
0.00000000 0.00000000 0.00000000 1.00000000
# frame 40 good=1
0.58595465 -0.18097957 0.78987565 -0.14279029
0.80087322 -0.01925313 -0.59852435 -0.08556440
0.12352826 0.98329838 0.13366023 0.26363121
0.00000000 0.00000000 0.00000000 1.00000000
# frame 41 good=1
0.57496129 -0.17833487 0.79850873 -0.14687956
0.81106669 -0.00418715 -0.58493871 -0.08905376
0.10765844 0.98396095 0.14223402 0.26321062
0.00000000 0.00000000 0.00000000 1.00000000
# frame 42 good=1
0.57148689 -0.17621722 0.80146754 -0.14748247
0.81396887 -0.00228780 -0.58090399 -0.08990080
0.10419888 0.98434865 0.14212788 0.26368393
0.00000000 0.00000000 0.00000000 1.00000000
# frame 43 good=1
0.56952969 -0.17714026 0.80265638 -0.14849704
0.81563023 0.00073548 -0.57857306 -0.09048643
0.10189824 0.98418534 0.14489983 0.26322977
0.00000000 0.00000000 0.00000000 1.00000000
# frame 44 good=1
0.56972529 -0.17780346 0.80237088 -0.14859307
0.81577898 0.00404387 -0.57834964 -0.09103712
0.09958788 0.98405771 0.14735222 0.26277814
0.00000000 0.00000000 0.00000000 1.00000000
# frame 45 good=1
0.56650744 -0.17607555 0.80502592 -0.14891596
0.81850814 0.00705680 -0.57445159 -0.09242383
0.09546597 0.98435136 0.14811700 0.26267480
0.00000000 0.00000000 0.00000000 1.00000000
# frame 46 good=1
0.56429539 -0.17563958 0.80667308 -0.15067781
0.82036332 0.00969890 -0.57176040 -0.09384586
0.09259992 0.98440676 0.14956131 0.26275845
0.00000000 0.00000000 0.00000000 1.00000000
# frame 47 good=1
0.56148901 -0.17727422 0.80827220 -0.15121028
0.82242377 0.01169345 -0.56875514 -0.09465121
0.09137413 0.98409202 0.15236028 0.26228192
0.00000000 0.00000000 0.00000000 1.00000000
# frame 48 good=1
0.55909757 -0.17873510 0.80960711 -0.15140244
0.82430720 0.01496706 -0.56594490 -0.09528271
0.08903678 0.98378339 0.15570067 0.26177953
0.00000000 0.00000000 0.00000000 1.00000000
# frame 49 good=1
0.55504618 -0.17808144 0.81253353 -0.15146108
0.82698585 0.01298493 -0.56207276 -0.09663333
0.08954404 0.98393008 0.15447806 0.26201333
0.00000000 0.00000000 0.00000000 1.00000000
# frame 50 good=1
0.55253709 -0.17999338 0.81382132 -0.15127796
0.82874727 0.01464757 -0.55943133 -0.09704891
0.08877343 0.98355876 0.15726235 0.26146591
0.00000000 0.00000000 0.00000000 1.00000000
# frame 51 good=1
0.54111491 -0.18216207 0.82098211 -0.15187831
0.83648035 0.01608561 -0.54776078 -0.09893832
0.08657525 0.98313693 0.16107916 0.26098321
0.00000000 0.00000000 0.00000000 1.00000000
# frame 52 good=1
0.53714684 -0.18262520 0.82348121 -0.15194961
0.83929226 0.01845602 -0.54336716 -0.10015222
0.08403435 0.98300937 0.16318951 0.26034497
0.00000000 0.00000000 0.00000000 1.00000000
# frame 53 good=1
0.53835796 -0.18148959 0.82294121 -0.15141518
0.83847335 0.01748906 -0.54466189 -0.09899270
0.08445800 0.98323734 0.16158956 0.26053456
0.00000000 0.00000000 0.00000000 1.00000000
# frame 54 good=1
0.53102504 -0.18038087 0.82793427 -0.15064321
0.84355147 0.02004720 -0.53667404 -0.10059480
0.08020796 0.98339252 0.16280611 0.26101148
0.00000000 0.00000000 0.00000000 1.00000000
# frame 55 good=1
0.52735264 -0.17906123 0.83056383 -0.15126584
0.84607785 0.02117085 -0.53263878 -0.10142739
0.07779122 0.98361012 0.16266425 0.26148311
0.00000000 0.00000000 0.00000000 1.00000000
# frame 56 good=1
0.52784235 -0.17971245 0.83011197 -0.15141174
0.84583157 0.02245157 -0.53297738 -0.10145040
0.07714536 0.98346294 0.16385736 0.26189782
0.00000000 0.00000000 0.00000000 1.00000000
# frame 57 good=1
0.52531041 -0.18185477 0.83125075 -0.15045316
0.84737653 0.02285888 -0.53050023 -0.10212313
0.07747254 0.98305967 0.16610747 0.26176599
0.00000000 0.00000000 0.00000000 1.00000000
# frame 58 good=1
0.51750343 -0.18430531 0.83559665 -0.14969425
0.85230344 0.02434392 -0.52248084 -0.10333199
0.07595429 0.98256752 0.16968211 0.26120083
0.00000000 0.00000000 0.00000000 1.00000000
# frame 59 good=1
0.51436222 -0.18747066 0.83683108 -0.14952307
0.85412906 0.02462573 -0.51947774 -0.10375763
0.07677926 0.98196147 0.17279068 0.26092696
0.00000000 0.00000000 0.00000000 1.00000000
# frame 60 good=1
0.51193116 -0.18891927 0.83799523 -0.14913587
0.85553037 0.02420511 -0.51718653 -0.10463427
0.07742273 0.98169426 0.17401752 0.26096159
0.00000000 0.00000000 0.00000000 1.00000000
# frame 61 good=1
0.50206054 -0.19038495 0.84361649 -0.14894732
0.86171919 0.02743097 -0.50664344 -0.10729027
0.07331607 0.98132620 0.17783037 0.26100853
0.00000000 0.00000000 0.00000000 1.00000000
# frame 62 good=1
0.49732099 -0.19173946 0.84611336 -0.14983849
0.86466009 0.02977887 -0.50147397 -0.10851784
0.07095605 0.98099398 0.18059912 0.25999661
0.00000000 0.00000000 0.00000000 1.00000000
# frame 63 good=1
0.49103728 -0.19500179 0.84903280 -0.14992616
0.86817767 0.02925568 -0.49539039 -0.10957288
0.07176298 0.98036646 0.18366184 0.26062057
0.00000000 0.00000000 0.00000000 1.00000000
# frame 64 good=1
0.48671363 -0.19913246 0.85056223 -0.14950846
0.87058785 0.03029942 -0.49107915 -0.11068270
0.07201826 0.97950406 0.18810945 0.26101623
0.00000000 0.00000000 0.00000000 1.00000000
# frame 65 good=1
0.48216089 -0.20646502 0.85140652 -0.14875633
0.87314360 0.03371068 -0.48629604 -0.11045149
0.07170163 0.97787309 0.19652758 0.26106782
0.00000000 0.00000000 0.00000000 1.00000000
# frame 66 good=1
0.47373111 -0.21206557 0.85475554 -0.14840888
0.87759859 0.03269369 -0.47828008 -0.11116160
0.07348162 0.97670841 0.20159647 0.26125929
0.00000000 0.00000000 0.00000000 1.00000000
# frame 67 good=1
0.46938337 -0.21114233 0.85737866 -0.14857472
0.87976423 0.02884912 -0.47453412 -0.11194342
0.07545962 0.97702950 0.19929677 0.26159700
0.00000000 0.00000000 0.00000000 1.00000000
# frame 68 good=1
0.46613725 -0.21425110 0.85837785 -0.14849110
0.88144180 0.02911776 -0.47139421 -0.11313380
0.07600269 0.97634452 0.20242275 0.26080785
0.00000000 0.00000000 0.00000000 1.00000000
# frame 69 good=1
0.46338781 -0.21288690 0.86020399 -0.14806162
0.88284160 0.02703358 -0.46889220 -0.11337073
0.07656662 0.97670280 0.20047244 0.26112674
0.00000000 0.00000000 0.00000000 1.00000000
# frame 70 good=1
0.46008794 -0.21136354 0.86234827 -0.14839153
0.88464281 0.02635052 -0.46552416 -0.11382268
0.07567151 0.97705225 0.19910479 0.26144887
0.00000000 0.00000000 0.00000000 1.00000000
# frame 71 good=1
0.45034760 -0.20651071 0.86864283 -0.14859940
0.89004296 0.02670417 -0.45509386 -0.11464113
0.07078537 0.97807986 0.19582956 0.26120295
0.00000000 0.00000000 0.00000000 1.00000000
# frame 72 good=1
0.44607514 -0.20575119 0.87102435 -0.14902017
0.89245376 0.02896266 -0.45020823 -0.11532200
0.06740370 0.97817565 0.19654295 0.26118264
0.00000000 0.00000000 0.00000000 1.00000000
# frame 73 good=1
0.44364801 -0.20739898 0.87187276 -0.14799754
0.89366352 0.02922009 -0.44778533 -0.11587868
0.06739402 0.97781995 0.19830834 0.26067248
0.00000000 0.00000000 0.00000000 1.00000000
# frame 74 good=1
0.44228001 -0.20595598 0.87290923 -0.14763016
0.89430822 0.02766258 -0.44659555 -0.11612682
0.06783210 0.97817019 0.19642273 0.26092558
0.00000000 0.00000000 0.00000000 1.00000000
# frame 75 good=1
0.44270878 -0.20786521 0.87223907 -0.14709281
0.89412897 0.02922234 -0.44685505 -0.11604515
0.06739675 0.97772088 0.19879529 0.26055371
0.00000000 0.00000000 0.00000000 1.00000000
# frame 76 good=1
0.43690962 -0.21060995 0.87450182 -0.14668454
0.89697706 0.02916807 -0.44111380 -0.11617919
0.06739542 0.97713493 0.20165610 0.26041932
0.00000000 0.00000000 0.00000000 1.00000000
# frame 77 good=1
0.43460892 -0.21268825 0.87514502 -0.14718185
0.89816255 0.03063218 -0.43859514 -0.11671762
0.06647643 0.97663984 0.20434164 0.25895419
0.00000000 0.00000000 0.00000000 1.00000000
# frame 78 good=1
0.43116636 -0.21086227 0.87728711 -0.14716171
0.89976284 0.02801510 -0.43547903 -0.11763662
0.06724881 0.97711425 0.20180520 0.25961311
0.00000000 0.00000000 0.00000000 1.00000000
# frame 79 good=1
0.42878439 -0.21234195 0.87809729 -0.14731632
0.90091563 0.02837210 -0.43306587 -0.11775210
0.06704459 0.97678346 0.20346770 0.25956169
0.00000000 0.00000000 0.00000000 1.00000000
# frame 80 good=1
0.42187875 -0.21675806 0.88036030 -0.14597554
0.90389039 0.02482049 -0.42704345 -0.11814437
0.07071414 0.97590977 0.20639676 0.25954985
0.00000000 0.00000000 0.00000000 1.00000000
# frame 81 good=1
0.40435059 -0.22121361 0.88744867 -0.14630814
0.91161789 0.01913520 -0.41059306 -0.11789204
0.07384727 0.97503763 0.20939961 0.25925082
0.00000000 0.00000000 0.00000000 1.00000000
# frame 82 good=1
0.40050334 -0.22289576 0.88877137 -0.14603678
0.91332445 0.01906555 -0.40678613 -0.11803730
0.07372599 0.97465583 0.21121196 0.25911146
0.00000000 0.00000000 0.00000000 1.00000000
# frame 83 good=1
0.39921992 -0.22158979 0.88967489 -0.14553276
0.91381909 0.01726275 -0.40575444 -0.11834077
0.07455280 0.97498716 0.20938461 0.26000506
0.00000000 0.00000000 0.00000000 1.00000000
# frame 84 good=1
0.39570304 -0.21854754 0.89199556 -0.14482569
0.91531528 0.01458837 -0.40247374 -0.11818227
0.07494689 0.97571725 0.20581256 0.26097148
0.00000000 0.00000000 0.00000000 1.00000000
# frame 85 good=1
0.39320165 -0.22106733 0.89248064 -0.14353502
0.91639677 0.01515702 -0.39998402 -0.11851094
0.07489605 0.97514076 0.20854515 0.26051144
0.00000000 0.00000000 0.00000000 1.00000000
# frame 86 good=1
0.39071135 -0.22122201 0.89353537 -0.14306749
0.91743946 0.01432368 -0.39761750 -0.11883333
0.07516303 0.97511828 0.20855422 0.26064892
0.00000000 0.00000000 0.00000000 1.00000000
# frame 87 good=1
0.38630264 -0.22369888 0.89483467 -0.14326807
0.91922108 0.01324620 -0.39351892 -0.11920775
0.07617658 0.97456829 0.21074576 0.26036443
0.00000000 0.00000000 0.00000000 1.00000000
# frame 88 good=1
0.38229881 -0.22741622 0.89561682 -0.14232305
0.92077658 0.01238441 -0.38989372 -0.11923823
0.07757647 0.97371890 0.21413408 0.26151663
0.00000000 0.00000000 0.00000000 1.00000000
# frame 89 good=1
0.38057245 -0.22907175 0.89593010 -0.14172164
0.92149038 0.01265201 -0.38819506 -0.11949899
0.07758921 0.97332731 0.21590242 0.26151503
0.00000000 0.00000000 0.00000000 1.00000000
# frame 90 good=1
0.37806541 -0.23111982 0.89646538 -0.14127473
0.92258425 0.01368252 -0.38555297 -0.12002675
0.07684303 0.97282908 0.21840039 0.26120650
0.00000000 0.00000000 0.00000000 1.00000000
# frame 91 good=1
0.36948942 -0.22952753 0.90044138 -0.14089431
0.92598920 0.01002707 -0.37741682 -0.11963664
0.07759877 0.97325052 0.21624491 0.26133913
0.00000000 0.00000000 0.00000000 1.00000000
# frame 92 good=1
0.36733775 -0.23165036 0.90077805 -0.14085869
0.92685689 0.01051960 -0.37526742 -0.11982868
0.07745501 0.97274223 0.21857098 0.26091497
0.00000000 0.00000000 0.00000000 1.00000000
# frame 93 good=1
0.36010340 -0.23466251 0.90291697 -0.13995192
0.92978657 0.01111341 -0.36793129 -0.12000940
0.07630519 0.97201337 0.22218803 0.26006878
0.00000000 0.00000000 0.00000000 1.00000000
# frame 94 good=1
0.35345985 -0.23300032 0.90596743 -0.13967953
0.93230704 0.00842389 -0.36156966 -0.11998189
0.07661408 0.97244017 0.22020535 0.26048878
0.00000000 0.00000000 0.00000000 1.00000000
# frame 95 good=1
0.35085746 -0.23106665 0.90747300 -0.14031073
0.93317063 0.00550386 -0.35939154 -0.11926995
0.07804880 0.97292236 0.21755568 0.26084916
0.00000000 0.00000000 0.00000000 1.00000000
# frame 96 good=1
0.35220526 -0.22852769 0.90759382 -0.13989696
0.93256141 0.00357690 -0.36099365 -0.11851546
0.07925068 0.97353084 0.21437591 0.26187882
0.00000000 0.00000000 0.00000000 1.00000000
# frame 97 good=1
0.34737421 -0.23165420 0.90866247 -0.13946382
0.93442960 0.00432712 -0.35612162 -0.11908597
0.07856518 0.97278857 0.21796767 0.26103194
0.00000000 0.00000000 0.00000000 1.00000000
# frame 98 good=1
0.34532476 -0.23394752 0.90885608 -0.13862575
0.93510005 0.00361657 -0.35436536 -0.11940077
0.07961596 0.97224250 0.22001323 0.26220459
0.00000000 0.00000000 0.00000000 1.00000000
# frame 99 good=1
0.33513314 -0.23986029 0.91112723 -0.13751594
0.93874389 0.00260359 -0.34460576 -0.11990297
0.08028504 0.97080393 0.22603993 0.26333059
0.00000000 0.00000000 0.00000000 1.00000000
# frame 100 good=1
0.32662075 -0.24207512 0.91362932 -0.13601950
0.94177342 0.00165353 -0.33624409 -0.11986725
0.07988561 0.97025610 0.22851999 0.26318330
0.00000000 0.00000000 0.00000000 1.00000000
# frame 101 good=1
0.32059865 -0.24367680 0.91533498 -0.13414606
0.94380537 0.00025850 -0.33050167 -0.12109286
0.08029898 0.96985646 0.23006634 0.26340897
0.00000000 0.00000000 0.00000000 1.00000000
# frame 102 good=1
0.31912043 -0.24169046 0.91637758 -0.13366758
0.94430308 -0.00087445 -0.32907587 -0.12127859
0.08033583 0.97035301 0.22794999 0.26354665
0.00000000 0.00000000 0.00000000 1.00000000
# frame 103 good=1
0.31680342 -0.24001922 0.91761995 -0.13368189
0.94496898 -0.00342729 -0.32714199 -0.12158436
0.08166532 0.97076209 0.22572494 0.26394047
0.00000000 0.00000000 0.00000000 1.00000000
# frame 104 good=1
0.31140386 -0.24184493 0.91898785 -0.13317911
0.94683944 -0.00322541 -0.32169033 -0.12238260
0.08076328 0.97030955 0.22798391 0.26369074
0.00000000 0.00000000 0.00000000 1.00000000
# frame 105 good=1
0.30836751 -0.24395092 0.91945496 -0.13342525
0.94780784 -0.00356424 -0.31882219 -0.12215946
0.08105413 0.96978103 0.23011950 0.26384482
0.00000000 0.00000000 0.00000000 1.00000000
# frame 106 good=1
0.30722081 -0.24298037 0.92009560 -0.13266368
0.94803017 -0.00596879 -0.31812444 -0.12201459
0.08278986 0.97001284 0.22851899 0.26160754
0.00000000 0.00000000 0.00000000 1.00000000
# frame 107 good=1
0.30661744 -0.24120704 0.92076322 -0.13317433
0.94822548 -0.00673395 -0.31752652 -0.12171724
0.08279001 0.97045032 0.22665391 0.26160586
0.00000000 0.00000000 0.00000000 1.00000000
# frame 108 good=1
0.30945357 -0.23792141 0.92066926 -0.13359120
0.94749202 -0.00492339 -0.31974150 -0.12071986
0.08060616 0.97127193 0.22390508 0.26178796
0.00000000 0.00000000 0.00000000 1.00000000
# frame 109 good=1
0.31076781 -0.23448577 0.92110791 -0.13401575
0.94720891 -0.00399963 -0.32059208 -0.12054072
0.07885837 0.97211132 0.22086406 0.26190814
0.00000000 0.00000000 0.00000000 1.00000000
# frame 110 good=1
0.30849438 -0.23288224 0.92227820 -0.13422020
0.94783242 -0.00657112 -0.31870131 -0.11968070
0.08028028 0.97248274 0.21870618 0.26263280
0.00000000 0.00000000 0.00000000 1.00000000
# frame 111 good=1
0.30091765 -0.23527574 0.92417201 -0.13381059
0.94994752 -0.01136176 -0.31220284 -0.12178765
0.08395397 0.97186225 0.22008065 0.26189609
0.00000000 0.00000000 0.00000000 1.00000000
# frame 112 good=1
0.29981197 -0.23515794 0.92456126 -0.13348848
0.95059993 -0.00808982 -0.31031327 -0.12155619
0.08045216 0.97192350 0.22111570 0.26129690
0.00000000 0.00000000 0.00000000 1.00000000
# frame 113 good=1
0.29696775 -0.22867016 0.92710308 -0.13408795
0.95166266 -0.00885073 -0.30701766 -0.11984630
0.07841132 0.97346372 0.21498847 0.26150210
0.00000000 0.00000000 0.00000000 1.00000000
# frame 114 good=1
0.28788400 -0.22636916 0.93052663 -0.13558462
0.95463496 -0.00940316 -0.29763008 -0.11984134
0.07612417 0.97399619 0.21339290 0.26251214
0.00000000 0.00000000 0.00000000 1.00000000
# frame 115 good=1
0.28091763 -0.22617751 0.93269985 -0.13495035
0.95682098 -0.00963149 -0.29051823 -0.12085342
0.07469198 0.97403848 0.21370573 0.26194769
0.00000000 0.00000000 0.00000000 1.00000000
# frame 116 good=1
0.27932879 -0.22160544 0.93427322 -0.13539333
0.95698137 -0.01529497 -0.28974597 -0.12029689
0.07849897 0.97501646 0.20779995 0.26201984
0.00000000 0.00000000 0.00000000 1.00000000
# frame 117 good=1
0.27698953 -0.21936594 0.93549740 -0.13556657
0.95762189 -0.01699833 -0.28752628 -0.11937636
0.07897536 0.97549456 0.20536126 0.26271367
0.00000000 0.00000000 0.00000000 1.00000000
# frame 118 good=1
0.27170198 -0.22104113 0.93665301 -0.13570944
0.95954948 -0.01238874 -0.28126735 -0.12149755
0.07377560 0.97518580 0.20873385 0.26135164
0.00000000 0.00000000 0.00000000 1.00000000
# frame 119 good=1
0.26943161 -0.21691171 0.93827284 -0.13609434
0.96017008 -0.01438705 -0.27904558 -0.12068980
0.07402724 0.97608520 0.20439581 0.26156774
0.00000000 0.00000000 0.00000000 1.00000000
# frame 120 good=1
0.26755097 -0.21489432 0.93927467 -0.13591462
0.96089227 -0.01276105 -0.27662828 -0.12121424
0.07143197 0.97655394 0.20307606 0.26196005
0.00000000 0.00000000 0.00000000 1.00000000
# frame 121 good=1
0.25788758 -0.21537551 0.94186378 -0.13600976
0.96399370 -0.00810991 -0.26580137 -0.12131580
0.06488553 0.97649763 0.20552919 0.26253119
0.00000000 0.00000000 0.00000000 1.00000000
# frame 122 good=1
0.25594614 -0.21359079 0.94279931 -0.13600487
0.96458225 -0.00795665 -0.26366223 -0.12119524
0.06381735 0.97689082 0.20398941 0.26274758
0.00000000 0.00000000 0.00000000 1.00000000
# frame 123 good=1
0.25341621 -0.20477020 0.94543608 -0.13587502
0.96524723 -0.01099215 -0.26110719 -0.12175293
0.06385934 0.97874835 0.19486828 0.26194106
0.00000000 0.00000000 0.00000000 1.00000000
# frame 124 good=1
0.24999562 -0.20335754 0.94665089 -0.13682906
0.96635445 -0.00869581 -0.25706703 -0.12132644
0.06050841 0.97906593 0.19434155 0.26220694
0.00000000 0.00000000 0.00000000 1.00000000
# frame 125 good=1
0.24643010 -0.20153134 0.94797538 -0.13732643
0.96745989 -0.00676758 -0.25293391 -0.12168677
0.05738960 0.97945869 0.19330576 0.26245317
0.00000000 0.00000000 0.00000000 1.00000000
# frame 126 good=1
0.24885277 -0.19977431 0.94771437 -0.13835602
0.96683086 -0.00688883 -0.25532455 -0.12135428
0.05753593 0.97981772 0.19143366 0.26247616
0.00000000 0.00000000 0.00000000 1.00000000
# frame 127 good=1
0.24575440 -0.19696411 0.94911006 -0.13728335
0.96769614 -0.00701104 -0.25202189 -0.12365195
0.05629351 0.98038563 0.18887842 0.26131091
0.00000000 0.00000000 0.00000000 1.00000000
# frame 128 good=1
0.24387563 -0.19531129 0.94993588 -0.13732780
0.96835147 -0.00459513 -0.24954822 -0.12409668
0.05310466 0.98073054 0.18800933 0.26169560
0.00000000 0.00000000 0.00000000 1.00000000
# frame 129 good=1
0.24168190 -0.19678344 0.95019268 -0.13731617
0.96897144 -0.00334075 -0.24715015 -0.12439214
0.05180942 0.98044129 0.18987013 0.26139398
0.00000000 0.00000000 0.00000000 1.00000000
# frame 130 good=1
0.23909117 -0.19419148 0.95138062 -0.13829025
0.96954799 -0.00576499 -0.24483353 -0.12377786
0.05302928 0.98094670 0.18689960 0.26232469
0.00000000 0.00000000 0.00000000 1.00000000
# frame 131 good=1
0.21541479 -0.19218861 0.95742363 -0.13862742
0.97589279 0.00715995 -0.21813299 -0.12416782
0.03506757 0.98133189 0.18909784 0.26089364
0.00000000 0.00000000 0.00000000 1.00000000
# frame 132 good=1
0.20989998 -0.18697219 0.95967880 -0.13946722
0.97723957 0.00926186 -0.21193639 -0.12495971
0.03073780 0.98232154 0.18466069 0.26000871
0.00000000 0.00000000 0.00000000 1.00000000
# frame 133 good=1
0.20931157 -0.18277243 0.96061590 -0.14036850
0.97741795 0.00994010 -0.21108136 -0.12503414
0.02903123 0.98310500 0.18072563 0.25981024
0.00000000 0.00000000 0.00000000 1.00000000
# frame 134 good=1
0.20606913 -0.18326443 0.96122300 -0.14036027
0.97817445 0.01182596 -0.20744851 -0.12604674
0.02665055 0.98299252 0.18170155 0.25983593
0.00000000 0.00000000 0.00000000 1.00000000
# frame 135 good=1
0.20386933 -0.17846796 0.96259362 -0.13983376
0.97871065 0.01332836 -0.20481166 -0.12646285
0.02372252 0.98385545 0.17738574 0.26059699
0.00000000 0.00000000 0.00000000 1.00000000
# frame 136 good=1
0.20198750 -0.18193549 0.96234117 -0.13914570
0.97910171 0.01375025 -0.20290584 -0.12633545
0.02368334 0.98321433 0.18091072 0.25989130
0.00000000 0.00000000 0.00000000 1.00000000
# frame 137 good=1
0.20038152 -0.17956671 0.96312151 -0.13936549
0.97940875 0.01201936 -0.20152924 -0.12655770
0.02461184 0.98367237 0.17827767 0.26046618
0.00000000 0.00000000 0.00000000 1.00000000
# frame 138 good=1
0.20195290 -0.17939691 0.96282489 -0.13934993
0.97916878 0.01584402 -0.20242892 -0.12591697
0.02106011 0.98364918 0.17885960 0.26039856
0.00000000 0.00000000 0.00000000 1.00000000
# frame 139 good=1
0.19907839 -0.18028992 0.96325663 -0.13909740
0.97984179 0.01990058 -0.19878135 -0.12599972
0.01666891 0.98341218 0.18061737 0.25972275
0.00000000 0.00000000 0.00000000 1.00000000
# frame 140 good=1
0.19689336 -0.18244950 0.96329911 -0.13810917
0.98029415 0.02058878 -0.19646753 -0.12659945
0.01601225 0.98299963 0.18290797 0.25952452
0.00000000 0.00000000 0.00000000 1.00000000
# frame 141 good=1
0.18876588 -0.18386550 0.96465586 -0.13724534
0.98195147 0.02355726 -0.18766026 -0.12709944
0.01177960 0.98266909 0.18499380 0.26031114
0.00000000 0.00000000 0.00000000 1.00000000
# frame 142 good=1
0.19165006 -0.18490935 0.96388733 -0.13830106
0.98140243 0.02516531 -0.19030495 -0.12659002
0.01093264 0.98243333 0.18629342 0.26012811
0.00000000 0.00000000 0.00000000 1.00000000
# frame 143 good=1
0.19009092 -0.18678919 0.96383362 -0.13833053
0.98172405 0.02703615 -0.18837978 -0.12680120
0.00912896 0.98202793 0.18851476 0.26002048
0.00000000 0.00000000 0.00000000 1.00000000
# frame 144 good=1
0.18807262 -0.19234861 0.96313587 -0.13857294
0.98215187 0.03430698 -0.18493443 -0.12814283
0.00252960 0.98072679 0.19536775 0.26046485
0.00000000 0.00000000 0.00000000 1.00000000
# frame 145 good=1
0.18939067 -0.18968754 0.96340532 -0.13886371
0.98189903 0.03424983 -0.18628271 -0.12854063
0.00233904 0.98124696 0.19274061 0.26072752
0.00000000 0.00000000 0.00000000 1.00000000
# frame 146 good=1
0.19104038 -0.18837239 0.96333764 -0.13964478
0.98158100 0.03513939 -0.18778703 -0.12882391
0.00152280 0.98146883 0.19161581 0.26167203
0.00000000 0.00000000 0.00000000 1.00000000
# frame 147 good=1
0.18857321 -0.18967918 0.96356730 -0.13923359
0.98205829 0.03770845 -0.18476901 -0.12982514
-0.00128779 0.98112175 0.19338682 0.26269941
0.00000000 0.00000000 0.00000000 1.00000000
# frame 148 good=1
0.18499456 -0.18679778 0.96482309 -0.13967894
0.98269746 0.04424745 -0.17985511 -0.12983935
-0.00909442 0.98140142 0.19175124 0.26274180
0.00000000 0.00000000 0.00000000 1.00000000
