# frame 0 good=1
1.00000000 0.00000000 0.00000000 0.00000000
0.00000000 1.00000000 0.00000000 0.00000000
0.00000000 0.00000000 1.00000000 0.00000000
0.00000000 0.00000000 0.00000000 1.00000000
# frame 1 good=1
0.98259460 0.14677382 -0.11386528 -0.03584655
0.16483768 -0.40628072 0.89875721 0.17940307
0.08565276 -0.90188327 -0.42340309 0.32835023
0.00000000 0.00000000 0.00000000 1.00000000
# frame 2 good=1
0.98317781 0.14287653 -0.11378792 -0.03559570
0.16323098 -0.40776983 0.89837599 0.18010020
0.08195756 -0.90183705 -0.42423212 0.32803774
0.00000000 0.00000000 0.00000000 1.00000000
# frame 3 good=1
0.98350193 0.14190529 -0.11219109 -0.03568822
0.16154953 -0.40992432 0.89769917 0.18018182
0.08139841 -0.90101329 -0.42608609 0.32829759
0.00000000 0.00000000 0.00000000 1.00000000
# frame 4 good=1
0.98348361 0.14000558 -0.11471014 -0.03537932
0.16285041 -0.40788239 0.89839396 0.18057554
0.07899192 -0.90223633 -0.42394561 0.32768259
0.00000000 0.00000000 0.00000000 1.00000000
# frame 5 good=1
0.98357091 0.14128107 -0.11237404 -0.03592901
0.16117995 -0.40695085 0.89911736 0.18080850
0.08129755 -0.90245812 -0.42303669 0.32702425
0.00000000 0.00000000 0.00000000 1.00000000
# frame 6 good=1
0.98341069 0.14062852 -0.11457323 -0.03531914
0.16307840 -0.40885363 0.89791099 0.18169646
0.07942821 -0.90169969 -0.42500450 0.32747917
0.00000000 0.00000000 0.00000000 1.00000000
# frame 7 good=1
0.98402103 0.13958064 -0.11054349 -0.03506159
0.15913571 -0.41096799 0.89765313 0.18228670
0.07986516 -0.90090097 -0.42661341 0.32726004
0.00000000 0.00000000 0.00000000 1.00000000
# frame 8 good=1
0.98395808 0.13822788 -0.11278095 -0.03433021
0.16051837 -0.41011054 0.89779908 0.18245146
0.07784820 -0.90150008 -0.42571970 0.32758877
0.00000000 0.00000000 0.00000000 1.00000000
# frame 9 good=1
0.98414304 0.13799565 -0.11144357 -0.03432217
0.15901405 -0.40799438 0.89903010 0.18196841
0.07859389 -0.90249531 -0.42346808 0.32696244
0.00000000 0.00000000 0.00000000 1.00000000
# frame 10 good=1
0.98414868 0.13842060 -0.11086530 -0.03400491
0.15861322 -0.40737131 0.89938338 0.18171248
0.07932984 -0.90271166 -0.42286928 0.32649149
0.00000000 0.00000000 0.00000000 1.00000000
# frame 11 good=1
0.98464713 0.13577253 -0.10970800 -0.03382944
0.15648753 -0.40812401 0.89941450 0.18192247
0.07734131 -0.90277385 -0.42310484 0.32657573
0.00000000 0.00000000 0.00000000 1.00000000
# frame 12 good=1
0.98477172 0.13606608 -0.10821588 -0.03356629
0.15533477 -0.40910100 0.89917044 0.18204194
0.07807537 -0.90228731 -0.42400689 0.32670346
0.00000000 0.00000000 0.00000000 1.00000000
# frame 13 good=1
0.98489430 0.13665697 -0.10633954 -0.03339556
0.15390611 -0.40945508 0.89925494 0.18198642
0.07934819 -0.90203736 -0.42430232 0.32654779
0.00000000 0.00000000 0.00000000 1.00000000
# frame 14 good=1
0.98511355 0.13672397 -0.10420106 -0.03274880
0.15208847 -0.41064957 0.89901948 0.18206053
0.08012739 -0.90148405 -0.42533059 0.32645830
0.00000000 0.00000000 0.00000000 1.00000000
# frame 15 good=1
0.98569680 0.13848160 -0.09604515 -0.03202795
0.14587720 -0.41571679 0.89771899 0.18263652
0.08438998 -0.89888953 -0.42997202 0.32592046
0.00000000 0.00000000 0.00000000 1.00000000
# frame 16 good=1
0.98617784 0.13973091 -0.08904231 -0.03249103
0.14054602 -0.42085000 0.89617637 0.18291427
0.08775009 -0.89630383 -0.43467157 0.32577231
0.00000000 0.00000000 0.00000000 1.00000000
# frame 17 good=1
0.98695620 0.14550447 -0.06889061 -0.03378243
0.12561962 -0.42842331 0.89480343 0.18308999
0.10068356 -0.89178580 -0.44111326 0.32601333
0.00000000 0.00000000 0.00000000 1.00000000
# frame 18 good=1
0.98698217 0.14690925 -0.06545131 -0.03360190
0.12340777 -0.43081100 0.89396443 0.18301501
0.10313450 -0.89040415 -0.44333252 0.32643076
0.00000000 0.00000000 0.00000000 1.00000000
# frame 19 good=1
0.98730828 0.14663902 -0.06098653 -0.03330246
0.11946345 -0.43269762 0.89358898 0.18325644
0.10464629 -0.88953346 -0.44472394 0.32631212
0.00000000 0.00000000 0.00000000 1.00000000
# frame 20 good=1
0.98757918 0.14934560 -0.04881853 -0.03371533
0.11048063 -0.43912532 0.89160697 0.18307300
0.11172012 -0.88592598 -0.45017082 0.32597652
0.00000000 0.00000000 0.00000000 1.00000000
# frame 21 good=1
0.98742842 0.15227924 -0.04238105 -0.03381848
0.10630527 -0.44133635 0.89102268 0.18297785
0.11697996 -0.88432645 -0.45197613 0.32574938
0.00000000 0.00000000 0.00000000 1.00000000
# frame 22 good=1
0.98737459 0.15426565 -0.03596576 -0.03409173
0.10185478 -0.44442164 0.89000843 0.18356909
0.12131377 -0.88243499 -0.45452332 0.32604169
0.00000000 0.00000000 0.00000000 1.00000000
# frame 23 good=1
0.98690738 0.15889517 -0.02767934 -0.03563716
0.09676001 -0.44598070 0.88979701 0.18300636
0.12904000 -0.88082549 -0.45551635 0.32671055
0.00000000 0.00000000 0.00000000 1.00000000
# frame 24 good=1
0.98693464 0.15918796 -0.02488400 -0.03635763
0.09429267 -0.44541943 0.89034287 0.18299610
0.13064805 -0.88105660 -0.45461012 0.32725437
0.00000000 0.00000000 0.00000000 1.00000000
# frame 25 good=1
0.98649885 0.16228395 -0.02199869 -0.03673985
0.09252550 -0.44146430 0.89249555 0.18242319
0.13512606 -0.88248127 -0.45051943 0.32667437
0.00000000 0.00000000 0.00000000 1.00000000
# frame 26 good=1
0.98618833 0.16502818 -0.01408131 -0.03770017
0.08637197 -0.43987523 0.89389578 0.18205311
0.14132398 -0.88276581 -0.44805363 0.32583085
0.00000000 0.00000000 0.00000000 1.00000000
# frame 27 good=1
0.98689624 0.16129279 0.00452233 -0.03945594
0.06721512 -0.43642314 0.89722738 0.18101808
0.14668996 -0.88516636 -0.44154567 0.32398497
0.00000000 0.00000000 0.00000000 1.00000000
# frame 28 good=1
0.98653125 0.16306917 0.01282727 -0.03975125
0.06083164 -0.43854908 0.89664610 0.18077615
0.15184073 -0.88378909 -0.44256213 0.32323916
0.00000000 0.00000000 0.00000000 1.00000000
# frame 29 good=1
0.98585485 0.16648404 0.01932023 -0.03901962
0.05657465 -0.43907065 0.89666954 0.18027539
0.15776411 -0.88289299 -0.44227871 0.32200563
0.00000000 0.00000000 0.00000000 1.00000000
# frame 30 good=1
0.98153700 0.18137001 0.06074570 -0.03993524
0.02940579 -0.45689897 0.88903241 0.17967025
0.18899846 -0.87083193 -0.45379657 0.31975204
0.00000000 0.00000000 0.00000000 1.00000000
# frame 31 good=1
0.97836189 0.18991624 0.08209652 -0.04396677
0.01569079 -0.46375405 0.88582503 0.18069711
0.20630515 -0.86536929 -0.45669923 0.31899152
0.00000000 0.00000000 0.00000000 1.00000000
# frame 32 good=1
0.97716883 0.19343546 0.08788518 -0.04612442
0.01182899 -0.46253668 0.88652123 0.18107658
0.21213476 -0.86524132 -0.45426457 0.31833207
0.00000000 0.00000000 0.00000000 1.00000000
# frame 33 good=1
0.97535897 0.20060762 0.09182298 -0.04626527
0.01032139 -0.45723148 0.88928783 0.17996241
0.22038227 -0.86642712 -0.44803537 0.31671433
0.00000000 0.00000000 0.00000000 1.00000000
# frame 34 good=1
0.97247394 0.20721694 0.10656250 -0.04779656
0.00100652 -0.46105835 0.88736925 0.17976753
0.23300947 -0.86283622 -0.44857580 0.31567598
0.00000000 0.00000000 0.00000000 1.00000000
# frame 35 good=1
0.96521508 0.22537107 0.13254335 -0.05269150
-0.01243676 -0.46679142 0.88427999 0.18015547
0.26116122 -0.85516878 -0.44775123 0.31314667
0.00000000 0.00000000 0.00000000 1.00000000
# frame 36 good=1
0.96286233 0.23258993 0.13710600 -0.05170437
-0.01228822 -0.46953526 0.88282820 0.17913996
0.26971306 -0.85172681 -0.44923970 0.31217027
0.00000000 0.00000000 0.00000000 1.00000000
# frame 37 good=1
0.94581180 0.26605850 0.18615296 -0.05871660
-0.03566358 -0.48469828 0.87395405 0.18061674
0.32275092 -0.83323493 -0.44894475 0.30759954
0.00000000 0.00000000 0.00000000 1.00000000
# frame 38 good=1
0.93448197 0.28496205 0.21340122 -0.06101510
-0.04833271 -0.49232570 0.86906810 0.18092980
0.35271433 -0.82244272 -0.44629650 0.30536768
0.00000000 0.00000000 0.00000000 1.00000000
# frame 39 good=1
0.93022595 0.29223556 0.22198662 -0.06244266
-0.05089343 -0.49631811 0.86664767 0.18140829
0.36344125 -0.81747581 -0.44681512 0.30495060
0.00000000 0.00000000 0.00000000 1.00000000
# frame 40 good=1
0.92648906 0.29924391 0.22819093 -0.06328268
-0.05219663 -0.49832530 0.86541747 0.18122338
0.37268423 -0.81371062 -0.44607342 0.30474162
0.00000000 0.00000000 0.00000000 1.00000000
# frame 41 good=1
0.92275054 0.30457299 0.23614980 -0.06383436
-0.05572943 -0.50085416 0.86373569 0.18104377
0.38134717 -0.81017307 -0.44518977 0.30446371
0.00000000 0.00000000 0.00000000 1.00000000
# frame 42 good=1
0.91006294 0.31996662 0.26345171 -0.06558483
-0.06820960 -0.51134777 0.85666266 0.18113689
0.40881891 -0.79758687 -0.44353386 0.30364018
0.00000000 0.00000000 0.00000000 1.00000000
# frame 43 good=1
0.90342447 0.32740974 0.27681599 -0.06735322
-0.07466846 -0.51562420 0.85355510 0.18178511
0.42219528 -0.79179198 -0.44138034 0.30266711
0.00000000 0.00000000 0.00000000 1.00000000
# frame 44 good=1
0.89599033 0.33703285 0.28915425 -0.06986571
-0.07825077 -0.52112473 0.84988578 0.18213338
0.43712486 -0.78411598 -0.44054964 0.30124659
0.00000000 0.00000000 0.00000000 1.00000000
# frame 45 good=1
0.89369017 0.34101587 0.29159226 -0.07034457
-0.07750165 -0.52278925 0.84893162 0.18235264
0.44194046 -0.78128073 -0.44078232 0.30058947
0.00000000 0.00000000 0.00000000 1.00000000
# frame 46 good=1
0.89229486 0.34457337 0.29168317 -0.06915174
-0.07457214 -0.52472595 0.84799863 0.18114180
0.44525147 -0.77841626 -0.44251470 0.30077061
0.00000000 0.00000000 0.00000000 1.00000000
# frame 47 good=1
0.87476923 0.36312346 0.32081169 -0.07381713
-0.08098209 -0.54321648 0.83567803 0.18458317
0.47772450 -0.75700542 -0.44578256 0.30121095
0.00000000 0.00000000 0.00000000 1.00000000
# frame 48 good=1
0.86982407 0.36606448 0.33076107 -0.07577787
-0.08533548 -0.54868611 0.83166183 0.18647944
0.48592586 -0.75162514 -0.44602210 0.30139919
0.00000000 0.00000000 0.00000000 1.00000000
# frame 49 good=1
0.86819082 0.37046643 0.33015045 -0.07660781
-0.08268922 -0.54800921 0.83237515 0.18751844
0.48929254 -0.74996035 -0.44514299 0.30127121
0.00000000 0.00000000 0.00000000 1.00000000
# frame 50 good=1
0.86885562 0.37474652 0.32350418 -0.07628938
-0.07303112 -0.54928657 0.83243662 0.18737296
0.48964922 -0.74689311 -0.44988257 0.30258883
0.00000000 0.00000000 0.00000000 1.00000000
# frame 51 good=1
0.86246963 0.37840149 0.33609291 -0.07817354
-0.07526554 -0.56079110 0.82452922 0.19016775
0.50048100 -0.73642763 -0.45518470 0.30284727
0.00000000 0.00000000 0.00000000 1.00000000
# frame 52 good=1
0.86413858 0.37871863 0.33141622 -0.07799127
-0.06905024 -0.56309250 0.82350404 0.18987815
0.49849431 -0.73450598 -0.46043934 0.30348829
0.00000000 0.00000000 0.00000000 1.00000000
# frame 53 good=1
0.86149848 0.38130904 0.33529657 -0.07699920
-0.06253282 -0.57564250 0.81530691 0.18942980
0.50389485 -0.72335270 -0.47207081 0.30453363
0.00000000 0.00000000 0.00000000 1.00000000
# frame 54 good=1
0.84386778 0.39255242 0.36577284 -0.08164699
-0.06473351 -0.60224465 0.79568270 0.19601693
0.53263190 -0.69512875 -0.48280356 0.30199706
0.00000000 0.00000000 0.00000000 1.00000000
# frame 55 good=1
0.84555803 0.39355356 0.36075922 -0.08398296
-0.05926543 -0.60235815 0.79602278 0.19840046
0.53058386 -0.69446400 -0.48600465 0.30172151
0.00000000 0.00000000 0.00000000 1.00000000
# frame 56 good=1
0.85699328 0.39007001 0.33676090 -0.08087964
-0.03646003 -0.60595584 0.79466231 0.19590434
0.51403617 -0.69329857 -0.50507812 0.30655313
0.00000000 0.00000000 0.00000000 1.00000000
# frame 57 good=1
0.84580027 0.39832439 0.35490787 -0.08362832
-0.02605075 -0.63361530 0.77320955 0.20400213
0.53286327 -0.66322646 -0.52553534 0.30643111
0.00000000 0.00000000 0.00000000 1.00000000
# frame 58 good=1
0.84730195 0.39920103 0.35031121 -0.08348042
-0.02134086 -0.63345862 0.77348222 0.20436254
0.53068255 -0.66284894 -0.52821144 0.30690751
0.00000000 0.00000000 0.00000000 1.00000000
# frame 59 good=1
0.84881574 0.39722297 0.34889218 -0.08219265
-0.01643510 -0.63977551 0.76838609 0.20421468
0.52843327 -0.65795229 -0.53652312 0.30866205
0.00000000 0.00000000 0.00000000 1.00000000
# frame 60 good=1
0.84312056 0.39901653 0.36046293 -0.08305595
-0.01812809 -0.64887582 0.76067834 0.20658899
0.53741891 -0.64787805 -0.53984714 0.30829598
0.00000000 0.00000000 0.00000000 1.00000000
# frame 61 good=1
0.84486781 0.39876572 0.35662906 -0.08325023
-0.01158167 -0.65283752 0.75740943 0.20807050
0.53484974 -0.64404120 -0.54694303 0.30923287
0.00000000 0.00000000 0.00000000 1.00000000
# frame 62 good=1
0.84548522 0.39723654 0.35687236 -0.08221353
-0.00664823 -0.66041964 0.75086730 0.20871679
0.53395744 -0.63721977 -0.55573412 0.31108674
0.00000000 0.00000000 0.00000000 1.00000000
# frame 63 good=1
0.84278834 0.39505514 0.36556704 -0.08321626
-0.01053481 -0.66694590 0.74503167 0.21198724
0.53814202 -0.63175518 -0.55793240 0.30898890
0.00000000 0.00000000 0.00000000 1.00000000
# frame 64 good=1
0.84669928 0.39194826 0.35982897 -0.08296477
-0.00415098 -0.67139251 0.74109032 0.21259363
0.53205554 -0.62897428 -0.56684059 0.31061871
0.00000000 0.00000000 0.00000000 1.00000000
# frame 65 good=1
0.84779816 0.39116529 0.35808937 -0.08252574
0.00185660 -0.67741896 0.73559506 0.21335861
0.53031579 -0.62297132 -0.57504079 0.31193812
0.00000000 0.00000000 0.00000000 1.00000000
# frame 66 good=1
0.84736711 0.39281571 0.35730212 -0.08224054
0.00589800 -0.67979678 0.73337681 0.21434263
0.53097477 -0.61933202 -0.57835426 0.31139529
0.00000000 0.00000000 0.00000000 1.00000000
# frame 67 good=1
0.85423785 0.38736110 0.34674064 -0.08233805
0.02967910 -0.70220791 0.71135307 0.21915825
0.51903453 -0.59737377 -0.61134911 0.31542472
0.00000000 0.00000000 0.00000000 1.00000000
# frame 68 good=1
0.85855821 0.38442651 0.33925514 -0.08163715
0.03472410 -0.70376038 0.70958830 0.21869267
0.51153888 -0.59744254 -0.61756812 0.31649691
0.00000000 0.00000000 0.00000000 1.00000000
# frame 69 good=1
0.85751490 0.38161165 0.34502281 -0.08174428
0.04311120 -0.72159565 0.69097116 0.22099580
0.51264960 -0.57764372 -0.63523076 0.31797015
0.00000000 0.00000000 0.00000000 1.00000000
# frame 70 good=1
0.85588452 0.38279915 0.34774487 -0.08277749
0.04421589 -0.72410448 0.68827150 0.22171994
0.51527337 -0.57370507 -0.63667562 0.31690942
0.00000000 0.00000000 0.00000000 1.00000000
# frame 71 good=1
0.85793036 0.38253082 0.34296599 -0.08284234
0.05231172 -0.72912446 0.68237893 0.22247294
0.51109587 -0.56749246 -0.64554886 0.31740228
0.00000000 0.00000000 0.00000000 1.00000000
# frame 72 good=1
0.85829237 0.38261092 0.34196943 -0.08362358
0.06156898 -0.73836395 0.67158613 0.22416776
0.50945409 -0.55536254 -0.65728911 0.31877942
0.00000000 0.00000000 0.00000000 1.00000000
# frame 73 good=1
0.86161787 0.38318541 0.33284169 -0.08275630
0.07800172 -0.74794832 0.65915783 0.22433655
0.50152805 -0.54197993 -0.67433476 0.32100554
0.00000000 0.00000000 0.00000000 1.00000000
# frame 74 good=1
0.86092895 0.38005042 0.33817602 -0.08265077
0.08164673 -0.75935870 0.64552938 0.22554066
0.50213062 -0.52814396 -0.68478376 0.32193651
0.00000000 0.00000000 0.00000000 1.00000000
# frame 75 good=1
0.85652276 0.37811764 0.35127740 -0.08466108
0.07875468 -0.76840975 0.63509382 0.22821573
0.51006516 -0.51630757 -0.68793897 0.32062537
0.00000000 0.00000000 0.00000000 1.00000000
# frame 76 good=1
0.86295635 0.37748983 0.33586867 -0.08481121
0.09295721 -0.77198256 0.62880990 0.22878849
0.49665410 -0.51141408 -0.70127765 0.32283956
0.00000000 0.00000000 0.00000000 1.00000000
# frame 77 good=1
0.86690463 0.37128718 0.33259915 -0.08546780
0.11187168 -0.79512990 0.59603118 0.23336659
0.48575827 -0.47949376 -0.73083831 0.32685535
0.00000000 0.00000000 0.00000000 1.00000000
# frame 78 good=1
0.86999766 0.36907952 0.32693176 -0.08485993
0.11751713 -0.79918292 0.58948824 0.23399820
0.47884632 -0.47443331 -0.73866044 0.32913463
0.00000000 0.00000000 0.00000000 1.00000000
# frame 79 good=1
0.86969289 0.36383304 0.33355630 -0.08523968
0.11458343 -0.80612754 0.58054201 0.23541890
0.48010928 -0.46667323 -0.74277263 0.32894179
0.00000000 0.00000000 0.00000000 1.00000000
# frame 80 good=1
0.87083847 0.36367387 0.33072902 -0.08570680
0.11800629 -0.80779096 0.57753639 0.23630361
0.47719481 -0.46391280 -0.74637124 0.32935565
0.00000000 0.00000000 0.00000000 1.00000000
# frame 81 good=1
0.87558329 0.36529594 0.31608982 -0.08246648
0.12845981 -0.80685259 0.57661684 0.23423259
0.46567368 -0.46427124 -0.75339249 0.33135673
0.00000000 0.00000000 0.00000000 1.00000000
# frame 82 good=1
0.86552013 0.35983767 0.34841319 -0.08468944
0.12502064 -0.82879856 0.54540148 0.23911044
0.48502035 -0.42849713 -0.76232898 0.32702821
0.00000000 0.00000000 0.00000000 1.00000000
# frame 83 good=1
0.86419435 0.35664579 0.35492521 -0.08759828
0.12131358 -0.83227449 0.54092715 0.24254115
0.48831459 -0.42440894 -0.76251289 0.32459896
0.00000000 0.00000000 0.00000000 1.00000000
# frame 84 good=1
0.87382259 0.35810975 0.32892473 -0.08576141
0.13248839 -0.82621480 0.54755451 0.24163388
0.46784709 -0.43488679 -0.76941054 0.32534808
0.00000000 0.00000000 0.00000000 1.00000000
# frame 85 good=1
0.87364552 0.35381018 0.33400877 -0.08750478
0.14170436 -0.84172499 0.52097881 0.24842454
0.46547114 -0.40782030 -0.78550571 0.32525097
0.00000000 0.00000000 0.00000000 1.00000000
# frame 86 good=1
0.87423162 0.35376537 0.33251938 -0.09064590
0.13619181 -0.83607899 0.53143551 0.25114570
0.46601595 -0.41931131 -0.77910664 0.32259636
0.00000000 0.00000000 0.00000000 1.00000000
# frame 87 good=1
0.89013519 0.36037024 0.27891330 -0.08599378
0.17474249 -0.83520180 0.52144320 0.25566999
0.42086150 -0.41541694 -0.80641451 0.32898130
0.00000000 0.00000000 0.00000000 1.00000000
# frame 88 good=1
0.89120386 0.36039430 0.27544804 -0.08550723
0.17782531 -0.83622215 0.51875877 0.25683586
0.41729346 -0.41333819 -0.80933164 0.32970707
0.00000000 0.00000000 0.00000000 1.00000000
# frame 89 good=1
0.89069868 0.36016665 0.27737311 -0.08652694
0.17646557 -0.83624296 0.51918939 0.25812102
0.41894602 -0.41349450 -0.80839751 0.32958349
0.00000000 0.00000000 0.00000000 1.00000000
# frame 90 good=1
0.89105405 0.36128815 0.27476091 -0.08708353
0.17806808 -0.83505536 0.52055192 0.25925692
0.41750981 -0.41491375 -0.80841335 0.32936499
0.00000000 0.00000000 0.00000000 1.00000000
# frame 91 good=1
0.89707053 0.36074833 0.25519622 -0.08653374
0.18412345 -0.83014483 0.52626811 0.26086164
0.40170016 -0.42511200 -0.81112069 0.33132603
0.00000000 0.00000000 0.00000000 1.00000000
# frame 92 good=1
0.89956445 0.36242049 0.24379334 -0.08470140
0.19136415 -0.82874363 0.52589330 0.26064675
0.39263668 -0.42642161 -0.81486259 0.33262100
0.00000000 0.00000000 0.00000000 1.00000000
# frame 93 good=1
0.90024242 0.36001037 0.24485937 -0.08456573
0.19087028 -0.83180018 0.52122643 0.26197586
0.39132099 -0.42249377 -0.81753709 0.33249692
0.00000000 0.00000000 0.00000000 1.00000000
# frame 94 good=1
0.90006042 0.35710400 0.24973581 -0.08635482
0.18794883 -0.83517859 0.51686744 0.26443366
0.39314944 -0.41827437 -0.81882847 0.33204756
0.00000000 0.00000000 0.00000000 1.00000000
# frame 95 good=1
0.90549514 0.35886999 0.22647488 -0.08413195
0.20257433 -0.83450431 0.51241214 0.26581819
0.37288361 -0.41810871 -0.82833745 0.33540321
0.00000000 0.00000000 0.00000000 1.00000000
# frame 96 good=1
0.90592970 0.35720119 0.22737348 -0.08334993
0.20308806 -0.83773624 0.50690554 0.26697864
0.37154626 -0.41304394 -0.83147344 0.33628424
0.00000000 0.00000000 0.00000000 1.00000000
# frame 97 good=1
0.90501559 0.35449831 0.23511217 -0.08372489
0.20249077 -0.84509825 0.49477917 0.27056612
0.37409127 -0.40017482 -0.83660973 0.33738782
0.00000000 0.00000000 0.00000000 1.00000000
# frame 98 good=1
0.90910017 0.35648685 0.21553191 -0.07847956
0.22046857 -0.85071714 0.47715192 0.27103203
0.35345507 -0.38626088 -0.85198125 0.34139422
0.00000000 0.00000000 0.00000000 1.00000000
# frame 99 good=1
0.90606018 0.34917340 0.23902485 -0.07861078
0.20983684 -0.86128584 0.46276906 0.27272655
0.36745537 -0.36914040 -0.85364625 0.34008930
0.00000000 0.00000000 0.00000000 1.00000000
# frame 100 good=1
0.89980822 0.34451267 0.26768674 -0.08266001
0.19131991 -0.86300095 0.46757466 0.27381340
0.39209931 -0.36951371 -0.84244748 0.33400985
0.00000000 0.00000000 0.00000000 1.00000000
# frame 101 good=1
0.90449956 0.34942961 0.24449845 -0.08209467
0.20911624 -0.86303820 0.45982113 0.27699436
0.37168662 -0.36477941 -0.85368907 0.33560568
0.00000000 0.00000000 0.00000000 1.00000000
# frame 102 good=1
0.90583018 0.34952905 0.23937654 -0.08177314
0.21124488 -0.86245290 0.45994630 0.27774195
0.36721558 -0.36606617 -0.85507209 0.33522060
0.00000000 0.00000000 0.00000000 1.00000000
# frame 103 good=1
0.90687594 0.35205380 0.23159047 -0.08159153
0.21796517 -0.86223499 0.45721112 0.27895674
0.36064832 -0.36415511 -0.85867564 0.33538945
0.00000000 0.00000000 0.00000000 1.00000000
# frame 104 good=1
0.90938319 0.35121782 0.22286375 -0.07875221
0.22726743 -0.86826755 0.44097730 0.28087803
0.34838445 -0.35036767 -0.86940829 0.33592898
0.00000000 0.00000000 0.00000000 1.00000000
# frame 105 good=1
0.90938840 0.34838109 0.22725176 -0.07939684
0.22335827 -0.86989746 0.43976072 0.28168269
0.35089005 -0.34915474 -0.86888845 0.33378874
0.00000000 0.00000000 0.00000000 1.00000000
# frame 106 good=1
0.91203777 0.34684945 0.21882085 -0.07884501
0.22668684 -0.87102025 0.43581740 0.28268414
0.34176041 -0.34787812 -0.87302957 0.33333509
0.00000000 0.00000000 0.00000000 1.00000000
# frame 107 good=1
0.91308547 0.34228289 0.22162432 -0.07691321
0.23474802 -0.88564414 0.40065924 0.28891119
0.33341908 -0.31381026 -0.88901903 0.33120458
0.00000000 0.00000000 0.00000000 1.00000000
# frame 108 good=1
0.91489915 0.34056158 0.21674259 -0.07508793
0.23510148 -0.88597660 0.39971585 0.28977626
0.32815673 -0.31474319 -0.89064577 0.32992826
0.00000000 0.00000000 0.00000000 1.00000000
# frame 109 good=1
0.91513242 0.33862232 0.21878661 -0.07543515
0.23406110 -0.88812032 0.39554735 0.29087189
0.32824999 -0.31076876 -0.89200601 0.32852550
0.00000000 0.00000000 0.00000000 1.00000000
# frame 110 good=1
0.91692818 0.33852118 0.21129629 -0.07431006
0.24055663 -0.89137087 0.38417506 0.29249327
0.31839476 -0.30143222 -0.89875658 0.32945907
0.00000000 0.00000000 0.00000000 1.00000000
# frame 111 good=1
0.91667117 0.33989962 0.21019568 -0.07354816
0.24380290 -0.89236981 0.37978451 0.29305541
0.31666089 -0.29689119 -0.90087818 0.32904406
0.00000000 0.00000000 0.00000000 1.00000000
# frame 112 good=1
0.91667202 0.33654588 0.21552093 -0.07363598
0.24051601 -0.89527068 0.37502327 0.29586271
0.31916210 -0.29193711 -0.90161426 0.32801065
0.00000000 0.00000000 0.00000000 1.00000000
# frame 113 good=1
0.91714075 0.33726588 0.21237839 -0.07363612
0.24328732 -0.89580239 0.37195344 0.29651447
0.31569627 -0.28946469 -0.90362938 0.32873567
0.00000000 0.00000000 0.00000000 1.00000000
# frame 114 good=1
0.91875080 0.33863888 0.20302874 -0.07180951
0.24801467 -0.89506879 0.37059491 0.29675804
0.30722253 -0.29013026 -0.90633258 0.32879170
0.00000000 0.00000000 0.00000000 1.00000000
# frame 115 good=1
0.91898872 0.33897657 0.20138176 -0.07134569
0.24874384 -0.89472713 0.37093107 0.29678497
0.30591866 -0.29078900 -0.90656248 0.32806382
0.00000000 0.00000000 0.00000000 1.00000000
# frame 116 good=1
0.91825170 0.34019552 0.20268404 -0.07223098
0.25174646 -0.89658812 0.36435349 0.29987183
0.30567553 -0.28354322 -0.90893658 0.32683359
0.00000000 0.00000000 0.00000000 1.00000000
# frame 117 good=1
0.92155080 0.34167078 0.18440498 -0.07059411
0.25900952 -0.89482983 0.36358444 0.30210499
0.28923726 -0.28729889 -0.91312713 0.32751606
0.00000000 0.00000000 0.00000000 1.00000000
