# frame 0 good=1
1.00000000 0.00000000 0.00000000 0.00000000
0.00000000 1.00000000 0.00000000 0.00000000
0.00000000 0.00000000 1.00000000 0.00000000
0.00000000 0.00000000 0.00000000 1.00000000
# frame 1 good=1
0.99999447 0.00008736 0.00332571 -0.00097092
-0.00009858 0.99999430 0.00337411 -0.00084020
-0.00332539 -0.00337441 0.99998878 -0.00045255
0.00000000 0.00000000 0.00000000 1.00000000
# frame 2 good=1
0.99999411 -0.00309080 -0.00149322 0.00019479
0.00309220 0.99999478 0.00093348 0.00019757
0.00149033 -0.00093809 0.99999845 -0.00077082
0.00000000 0.00000000 0.00000000 1.00000000
# frame 3 good=1
0.99999332 -0.00365501 0.00006126 -0.00063080
0.00365487 0.99999108 0.00211824 -0.00007332
-0.00006900 -0.00211800 0.99999775 -0.00021754
0.00000000 0.00000000 0.00000000 1.00000000
# frame 4 good=1
0.99997422 -0.00665852 -0.00268848 -0.00031913
0.00666346 0.99997612 0.00183312 0.00019610
0.00267621 -0.00185099 0.99999471 -0.00016325
0.00000000 0.00000000 0.00000000 1.00000000
# frame 5 good=1
0.99991119 -0.00872159 -0.01007664 0.00074314
0.00873579 0.99996091 0.00136614 0.00066688
0.01006433 -0.00145405 0.99994830 0.00015940
0.00000000 0.00000000 0.00000000 1.00000000
# frame 6 good=1
0.99989685 -0.00971304 -0.01058070 0.00035160
0.00975421 0.99994503 0.00384709 -0.00030606
0.01054275 -0.00394990 0.99993662 0.00015485
0.00000000 0.00000000 0.00000000 1.00000000
# frame 7 good=1
0.99983651 -0.01122094 -0.01417882 0.00108441
0.01126340 0.99993231 0.00291799 -0.00037337
0.01414512 -0.00307721 0.99989522 0.00029484
0.00000000 0.00000000 0.00000000 1.00000000
# frame 8 good=1
0.99982701 -0.01060301 -0.01528156 0.00083546
0.01066140 0.99993615 0.00374473 -0.00084055
0.01524088 -0.00390701 0.99987622 0.00053920
0.00000000 0.00000000 0.00000000 1.00000000
# frame 9 good=1
0.99988498 -0.00741410 -0.01323107 -0.00006866
0.00746401 0.99996520 0.00372674 -0.00054250
0.01320298 -0.00382507 0.99990552 0.00061111
0.00000000 0.00000000 0.00000000 1.00000000
# frame 10 good=1
0.99991003 -0.00724761 -0.01128748 -0.00054653
0.00730048 0.99996254 0.00464915 -0.00046585
0.01125336 -0.00473114 0.99992549 0.00080373
0.00000000 0.00000000 0.00000000 1.00000000
# frame 11 good=1
0.99988139 -0.00746262 -0.01347302 0.00026986
0.00755752 0.99994689 0.00700715 -0.00084951
0.01342001 -0.00710814 0.99988468 0.00072926
0.00000000 0.00000000 0.00000000 1.00000000
# frame 12 good=1
0.99980318 -0.01017519 -0.01703161 0.00110608
0.01028962 0.99992498 0.00664481 -0.00057063
0.01696272 -0.00681875 0.99983287 0.00045211
0.00000000 0.00000000 0.00000000 1.00000000
# frame 13 good=1
0.99982227 -0.01062204 -0.01557560 0.00090120
0.01076036 0.99990317 0.00882358 -0.00129595
0.01548037 -0.00898961 0.99983976 0.00033910
0.00000000 0.00000000 0.00000000 1.00000000
# frame 14 good=1
0.99977920 -0.00472378 -0.02047529 0.00158575
0.00494844 0.99992796 0.01093556 -0.00086228
0.02042216 -0.01103447 0.99973055 0.00064877
0.00000000 0.00000000 0.00000000 1.00000000
# frame 15 good=1
0.99952540 0.00322538 -0.03063597 0.00351129
-0.00310609 0.99998741 0.00394052 -0.00135031
0.03064829 -0.00384349 0.99952284 -0.00052474
0.00000000 0.00000000 0.00000000 1.00000000
# frame 16 good=1
0.99952103 0.00109762 -0.03092757 0.00417559
-0.00108514 0.99999932 0.00042023 -0.00114128
0.03092801 -0.00038647 0.99952154 -0.00132874
0.00000000 0.00000000 0.00000000 1.00000000
# frame 17 good=1
0.99953257 -0.00218947 -0.03049342 0.00618045
0.00203324 0.99998465 -0.00515367 0.00036285
0.03050424 0.00508926 0.99952168 -0.00182460
0.00000000 0.00000000 0.00000000 1.00000000
# frame 18 good=1
0.99961193 -0.00451662 -0.02748813 0.00724185
0.00441879 0.99998369 -0.00361878 0.00002468
0.02750403 0.00349591 0.99961558 -0.00223769
0.00000000 0.00000000 0.00000000 1.00000000
# frame 19 good=1
0.99965463 0.00184726 -0.02621483 0.00799911
-0.00192060 0.99999431 -0.00277284 0.00165674
0.02620956 0.00282223 0.99965249 -0.00299647
0.00000000 0.00000000 0.00000000 1.00000000
# frame 20 good=1
0.99943427 0.00790048 -0.03269136 0.00997222
-0.00786778 0.99996841 0.00112894 0.00169917
0.03269924 -0.00087109 0.99946486 -0.00280019
0.00000000 0.00000000 0.00000000 1.00000000
# frame 21 good=1
0.99945044 0.00740279 -0.03231117 0.01081548
-0.00730156 0.99996806 0.00324989 0.00079764
0.03233420 -0.00301218 0.99947257 -0.00251740
0.00000000 0.00000000 0.00000000 1.00000000
# frame 22 good=1
0.99945469 -0.00104028 -0.03300356 0.01296234
0.00099663 0.99999861 -0.00133898 0.00175783
0.03300491 0.00130536 0.99945434 -0.00382405
0.00000000 0.00000000 0.00000000 1.00000000
# frame 23 good=1
0.99946359 -0.00140795 -0.03271911 0.01333921
0.00140350 0.99999900 -0.00015920 0.00162245
0.03271930 0.00011319 0.99946457 -0.00386140
0.00000000 0.00000000 0.00000000 1.00000000
# frame 24 good=1
0.99941019 -0.00531602 -0.03392647 0.01500262
0.00521338 0.99998156 -0.00311316 0.00233500
0.03394239 0.00293445 0.99941948 -0.00422162
0.00000000 0.00000000 0.00000000 1.00000000
# frame 25 good=1
0.99913644 -0.00447587 -0.04130797 0.02053929
0.00450857 0.99998959 0.00069856 0.00287711
0.04130441 -0.00088419 0.99914622 -0.00737923
0.00000000 0.00000000 0.00000000 1.00000000
# frame 26 good=1
0.99897715 -0.00380234 -0.04505772 0.02127718
0.00392787 0.99998865 0.00269767 0.00251189
0.04504695 -0.00287189 0.99898074 -0.00821688
0.00000000 0.00000000 0.00000000 1.00000000
# frame 27 good=1
0.99876065 -0.00275564 -0.04969473 0.02262740
0.00296250 0.99998725 0.00408930 0.00250526
0.04968283 -0.00423145 0.99875608 -0.00800408
0.00000000 0.00000000 0.00000000 1.00000000
# frame 28 good=1
0.99867318 -0.00031831 -0.05149533 0.02282669
0.00058139 0.99998686 0.00509406 0.00246409
0.05149303 -0.00511724 0.99866024 -0.00880808
0.00000000 0.00000000 0.00000000 1.00000000
# frame 29 good=1
0.99828801 0.00393556 -0.05835725 0.02399461
-0.00350593 0.99996601 0.00746261 0.00176958
0.05838464 -0.00724524 0.99826787 -0.00892515
0.00000000 0.00000000 0.00000000 1.00000000
# frame 30 good=1
0.99777888 0.00685802 -0.06625921 0.02559029
-0.00650265 0.99996330 0.00557751 0.00179680
0.06629503 -0.00513426 0.99778686 -0.00930506
0.00000000 0.00000000 0.00000000 1.00000000
# frame 31 good=1
0.99770309 0.01115225 -0.06681443 0.02589379
-0.01081542 0.99992693 0.00540089 0.00197675
0.06686978 -0.00466586 0.99775080 -0.00967355
0.00000000 0.00000000 0.00000000 1.00000000
# frame 32 good=1
0.99732671 0.01059131 -0.07229982 0.02792666
-0.01039132 0.99994107 0.00314166 0.00183202
0.07232884 -0.00238197 0.99737800 -0.00971116
0.00000000 0.00000000 0.00000000 1.00000000
# frame 33 good=1
0.99707451 0.00963198 -0.07582636 0.02890196
-0.00962009 0.99995359 0.00052207 0.00255359
0.07582787 0.00020891 0.99712090 -0.00934668
0.00000000 0.00000000 0.00000000 1.00000000
# frame 34 good=1
0.99676177 0.00592989 -0.08019230 0.02969684
-0.00606432 0.99998059 -0.00143291 0.00125658
0.08018224 0.00191458 0.99677838 -0.00952670
0.00000000 0.00000000 0.00000000 1.00000000
# frame 35 good=1
0.99491850 0.01933274 -0.09881008 0.03247941
-0.02100591 0.99965258 -0.01592087 0.00210124
0.09846796 0.01791556 0.99497894 -0.01016252
0.00000000 0.00000000 0.00000000 1.00000000
# frame 36 good=1
0.99417221 0.02771313 -0.10418060 0.03293832
-0.02965294 0.99941369 -0.01711692 0.00258139
0.10364515 0.02010643 0.99441109 -0.01012889
0.00000000 0.00000000 0.00000000 1.00000000
# frame 37 good=1
0.99289969 0.03801353 -0.11271724 0.03260231
-0.03975271 0.99912207 -0.01322160 0.00198551
0.11211569 0.01760854 0.99353913 -0.00888645
0.00000000 0.00000000 0.00000000 1.00000000
# frame 38 good=1
0.99172030 0.04471346 -0.12038084 0.03270198
-0.04628500 0.99887528 -0.01028903 0.00175137
0.11978539 0.01577567 0.99267446 -0.00828438
0.00000000 0.00000000 0.00000000 1.00000000
# frame 39 good=1
0.99055686 0.04980235 -0.12773736 0.03269932
-0.05116996 0.99866221 -0.00744523 0.00090709
0.12719568 0.01391124 0.99178008 -0.00759978
0.00000000 0.00000000 0.00000000 1.00000000
# frame 40 good=1
0.98932668 0.05027829 -0.13676556 0.03369948
-0.05176608 0.99863225 -0.00734138 0.00140380
0.13620938 0.01434284 0.99057624 -0.00701303
0.00000000 0.00000000 0.00000000 1.00000000
# frame 41 good=1
0.98652319 0.06259594 -0.15117456 0.03355369
-0.06316351 0.99800264 0.00104940 0.00341821
0.15093830 0.00851346 0.98850653 -0.00449485
0.00000000 0.00000000 0.00000000 1.00000000
# frame 42 good=1
0.98492973 0.06823378 -0.15892636 0.03334543
-0.06768093 0.99766736 0.00889502 0.00291339
0.15916258 0.00199531 0.98725037 -0.00309725
0.00000000 0.00000000 0.00000000 1.00000000
# frame 43 good=1
0.98332182 0.07124307 -0.16733985 0.03295921
-0.07016709 0.99745891 0.01234136 0.00283180
0.16779386 -0.00039378 0.98582203 -0.00241399
0.00000000 0.00000000 0.00000000 1.00000000
# frame 44 good=1
0.98120965 0.07446694 -0.17799522 0.03389967
-0.07265225 0.99721750 0.01670069 0.00212287
0.17874360 -0.00345512 0.98388962 -0.00124957
0.00000000 0.00000000 0.00000000 1.00000000
# frame 45 good=1
0.97820531 0.07464861 -0.19375746 0.03967646
-0.07472702 0.99718005 0.00691451 -0.00064282
0.19372724 0.00771511 0.98102509 -0.00166193
0.00000000 0.00000000 0.00000000 1.00000000
# frame 46 good=1
0.97781657 0.07600513 -0.19518701 0.04059575
-0.07602140 0.99707858 0.00741903 -0.00002853
0.19518067 0.00758394 0.98073798 -0.00222292
0.00000000 0.00000000 0.00000000 1.00000000
# frame 47 good=1
0.97709585 0.08182453 -0.19643944 0.04126948
-0.08099756 0.99663897 0.01225388 -0.00036761
0.19678187 0.00393790 0.98043938 -0.00266932
0.00000000 0.00000000 0.00000000 1.00000000
# frame 48 good=1
0.97555487 0.09006183 -0.20045338 0.04164546
-0.08893936 0.99592978 0.01461705 -0.00087823
0.20095393 0.00356846 0.97959419 -0.00175238
0.00000000 0.00000000 0.00000000 1.00000000
# frame 49 good=1
0.97499662 0.08750204 -0.20426692 0.04385321
-0.08743686 0.99612607 0.00936234 -0.00118626
0.20429483 0.00873221 0.97887046 -0.00273405
0.00000000 0.00000000 0.00000000 1.00000000
# frame 50 good=1
0.97450906 0.08466776 -0.20775817 0.04544994
-0.08504622 0.99635152 0.00712630 -0.00126217
0.20760354 0.01072441 0.97815426 -0.00245168
0.00000000 0.00000000 0.00000000 1.00000000
# frame 51 good=1
0.97450118 0.08035020 -0.20950249 0.04560809
-0.08148780 0.99666917 0.00321050 -0.00128150
0.20906264 0.01394326 0.97780284 -0.00219991
0.00000000 0.00000000 0.00000000 1.00000000
# frame 52 good=1
0.97354490 0.07993750 -0.21405681 0.04715754
-0.08213660 0.99662012 -0.00138443 -0.00088157
0.21322266 0.01892971 0.97682023 -0.00229488
0.00000000 0.00000000 0.00000000 1.00000000
# frame 53 good=1
0.97190754 0.08283234 -0.22030554 0.04915248
-0.08461450 0.99641285 0.00135146 -0.00208329
0.21962721 0.01732755 0.97542998 -0.00241840
0.00000000 0.00000000 0.00000000 1.00000000
# frame 54 good=1
0.97105058 0.08310215 -0.22395270 0.05053216
-0.08529730 0.99635554 -0.00012817 -0.00218644
0.22312586 0.01922702 0.97460001 -0.00191833
0.00000000 0.00000000 0.00000000 1.00000000
# frame 55 good=1
0.96803869 0.09186883 -0.23336927 0.05277903
-0.09309747 0.99564029 0.00576923 -0.00253399
0.23288186 0.01614125 0.97237107 -0.00147317
0.00000000 0.00000000 0.00000000 1.00000000
# frame 56 good=1
0.96710227 0.08938852 -0.23816569 0.05383870
-0.09116673 0.99582928 0.00356121 -0.00277644
0.23749070 0.01826873 0.97121801 -0.00023276
0.00000000 0.00000000 0.00000000 1.00000000
# frame 57 good=1
0.96602840 0.08634902 -0.24358361 0.05572818
-0.08913080 0.99601985 -0.00040046 -0.00252503
0.24257954 0.02209765 0.96987982 0.00035254
0.00000000 0.00000000 0.00000000 1.00000000
# frame 58 good=1
0.96450050 0.08019974 -0.25160839 0.05838017
-0.08215861 0.99661553 0.00272760 -0.00296540
0.25097558 0.01804103 0.96782528 0.00216026
0.00000000 0.00000000 0.00000000 1.00000000
# frame 59 good=1
0.96486374 0.07459230 -0.25194036 0.05910082
-0.07719546 0.99701588 -0.00045008 -0.00324088
0.25115497 0.01988292 0.96774266 0.00299010
0.00000000 0.00000000 0.00000000 1.00000000
# frame 60 good=1
0.96482776 0.07597164 -0.25166585 0.06012737
-0.07947936 0.99682932 -0.00378728 -0.00256566
0.25058018 0.02365632 0.96780678 0.00336632
0.00000000 0.00000000 0.00000000 1.00000000
# frame 61 good=1
0.96525177 0.07258723 -0.25103807 0.06144136
-0.07591752 0.99710762 -0.00359405 -0.00307664
0.25005109 0.02252735 0.96797054 0.00439960
0.00000000 0.00000000 0.00000000 1.00000000
# frame 62 good=1
0.96527451 0.06770331 -0.25231208 0.06527096
-0.07149786 0.99742336 -0.00589033 -0.00310050
0.25126317 0.02372556 0.96762799 0.00593415
0.00000000 0.00000000 0.00000000 1.00000000
# frame 63 good=1
0.96688682 0.06424300 -0.24698727 0.06671030
-0.06845635 0.99761790 -0.00850074 -0.00320851
0.24585281 0.02512710 0.96898144 0.00768465
0.00000000 0.00000000 0.00000000 1.00000000
# frame 64 good=1
0.96840365 0.06137429 -0.24171795 0.06744463
-0.06733141 0.99759498 -0.01645430 -0.00249179
0.24012674 0.03220962 0.97020703 0.00807516
0.00000000 0.00000000 0.00000000 1.00000000
# frame 65 good=1
0.96897180 0.06245061 -0.23915179 0.07053619
-0.06690412 0.99770372 -0.01054145 -0.00186659
0.23794431 0.02621461 0.97092497 0.01046354
0.00000000 0.00000000 0.00000000 1.00000000
# frame 66 good=1
0.96767227 0.06073797 -0.24478823 0.07218825
-0.06437617 0.99790198 -0.00688141 -0.00213212
0.24385670 0.02241748 0.96955215 0.01199840
0.00000000 0.00000000 0.00000000 1.00000000
# frame 67 good=1
0.96705089 0.06395353 -0.24641940 0.07289030
-0.06704835 0.99774097 -0.00418028 -0.00152793
0.24559538 0.02056456 0.96915427 0.01284043
0.00000000 0.00000000 0.00000000 1.00000000
# frame 68 good=1
0.96575776 0.06701669 -0.25064060 0.07369301
-0.06840933 0.99765233 0.00316196 -0.00309342
0.25026408 0.01409247 0.96807505 0.01370081
0.00000000 0.00000000 0.00000000 1.00000000
# frame 69 good=1
0.96577806 0.06354372 -0.25146558 0.07432072
-0.06513772 0.99787430 0.00198858 -0.00391227
0.25105741 0.01445936 0.96786420 0.01453227
0.00000000 0.00000000 0.00000000 1.00000000
# frame 70 good=1
0.96562901 0.06049162 -0.25278720 0.07563281
-0.06317624 0.99799923 -0.00250891 -0.00409407
0.25212967 0.01839282 0.96751865 0.01552211
0.00000000 0.00000000 0.00000000 1.00000000
# frame 71 good=1
0.96556623 0.05118813 -0.25507182 0.07724217
-0.05536785 0.99842338 -0.00922836 -0.00459647
0.25419728 0.02303337 0.96687807 0.01745484
0.00000000 0.00000000 0.00000000 1.00000000
# frame 72 good=1
0.96490590 0.05142033 -0.25751222 0.07839881
-0.05608867 0.99836726 -0.01081081 -0.00432024
0.25653588 0.02487493 0.96621456 0.01826177
0.00000000 0.00000000 0.00000000 1.00000000
# frame 73 good=1
0.96512325 0.05233679 -0.25651116 0.07849891
-0.05627302 0.99838318 -0.00802393 -0.00513118
0.25567647 0.02217874 0.96650796 0.01913768
0.00000000 0.00000000 0.00000000 1.00000000
# frame 74 good=1
0.96394682 0.05467159 -0.26041802 0.08072290
-0.05753438 0.99833781 -0.00337675 -0.00656676
0.25980054 0.01823800 0.96549006 0.02177390
0.00000000 0.00000000 0.00000000 1.00000000
# frame 75 good=1
0.96200509 0.06393614 -0.26543998 0.08199764
-0.06563671 0.99784053 0.00246843 -0.00653555
0.26502459 0.01504796 0.96412423 0.02620524
0.00000000 0.00000000 0.00000000 1.00000000
# frame 76 good=1
0.96185585 0.06229747 -0.26636884 0.08246943
-0.06282407 0.99800311 0.00655247 -0.00744360
0.26624513 0.01043184 0.96384890 0.02805760
0.00000000 0.00000000 0.00000000 1.00000000
# frame 77 good=1
0.96081557 0.06071991 -0.27045616 0.08343595
-0.06195761 0.99807090 0.00396714 -0.00693638
0.27017530 0.01294513 0.96272412 0.02926595
0.00000000 0.00000000 0.00000000 1.00000000
# frame 78 good=1
0.95973527 0.06209429 -0.27395714 0.08460642
-0.06298840 0.99799888 0.00554045 -0.00681966
0.27375295 0.01193876 0.96172594 0.03059652
0.00000000 0.00000000 0.00000000 1.00000000
# frame 79 good=1
0.95951813 0.06385131 -0.27431364 0.08434698
-0.06534449 0.99785590 0.00370082 -0.00570274
0.27396179 0.01437388 0.96163316 0.03193974
0.00000000 0.00000000 0.00000000 1.00000000
# frame 80 good=1
0.95713710 0.06644283 -0.28191120 0.08611729
-0.06727451 0.99771174 0.00673920 -0.00614753
0.28171388 0.01251510 0.95941683 0.03396245
0.00000000 0.00000000 0.00000000 1.00000000
# frame 81 good=1
0.95680419 0.06648181 -0.28302986 0.08679475
-0.06618991 0.99775069 0.01060482 -0.00721216
0.28309827 0.00858698 0.95905247 0.03487160
0.00000000 0.00000000 0.00000000 1.00000000
# frame 82 good=1
0.95589596 0.06692978 -0.28597782 0.08697762
-0.06674526 0.99771580 0.01040422 -0.00760338
0.28602094 0.00914231 0.95817975 0.03504600
0.00000000 0.00000000 0.00000000 1.00000000
# frame 83 good=1
0.95361956 0.07267557 -0.29210957 0.08856162
-0.07131021 0.99733632 0.01533388 -0.00855976
0.29244588 0.00620770 0.95626193 0.03686852
0.00000000 0.00000000 0.00000000 1.00000000
# frame 84 good=1
0.95246597 0.07518024 -0.29522281 0.08919196
-0.07326267 0.99715794 0.01756766 -0.00950034
0.29570451 0.00489622 0.95526691 0.03757274
0.00000000 0.00000000 0.00000000 1.00000000
# frame 85 good=1
0.95039270 0.08126612 -0.30024911 0.09021878
-0.08002592 0.99665708 0.01644766 -0.01001789
0.30058204 0.00839597 0.95371901 0.04043031
0.00000000 0.00000000 0.00000000 1.00000000
# frame 86 good=1
0.94907165 0.08533851 -0.30328262 0.09080005
-0.08407867 0.99631007 0.01723453 -0.01028676
0.30363430 0.00914279 0.95274478 0.04108389
0.00000000 0.00000000 0.00000000 1.00000000
# frame 87 good=1
0.94867221 0.08531030 -0.30453766 0.09135653
-0.08332608 0.99633091 0.01953174 -0.01113842
0.30508654 0.00684671 0.95230002 0.04113688
0.00000000 0.00000000 0.00000000 1.00000000
# frame 88 good=1
0.94793323 0.08345072 -0.30734113 0.09242917
-0.08190302 0.99647856 0.01795483 -0.01096546
0.30775719 0.00815219 0.95143000 0.04204820
0.00000000 0.00000000 0.00000000 1.00000000
# frame 89 good=1
0.94742329 0.08620238 -0.30815297 0.09226004
-0.08395565 0.99625719 0.02056838 -0.01088167
0.30877266 0.00638422 0.95111444 0.04197269
0.00000000 0.00000000 0.00000000 1.00000000
# frame 90 good=1
0.94645616 0.09084162 -0.30978790 0.09166636
-0.08699958 0.99586308 0.02622608 -0.01091339
0.31088875 0.00212958 0.95044392 0.04239842
0.00000000 0.00000000 0.00000000 1.00000000
# frame 91 good=1
0.94451452 0.09820398 -0.31344583 0.09176591
-0.09236311 0.99516275 0.03346878 -0.01166655
0.31521638 -0.00266092 0.94901610 0.04241181
0.00000000 0.00000000 0.00000000 1.00000000
# frame 92 good=1
0.94176568 0.10516940 -0.31940069 0.09236460
-0.09610053 0.99439558 0.04406944 -0.01264046
0.32224539 -0.01080851 0.94659447 0.04404196
0.00000000 0.00000000 0.00000000 1.00000000
# frame 93 good=1
0.94256413 0.10000437 -0.31870361 0.09278957
-0.09090127 0.99491596 0.04334958 -0.01275167
0.32141845 -0.01188920 0.94686262 0.04437551
0.00000000 0.00000000 0.00000000 1.00000000
# frame 94 good=1
0.94172229 0.10168555 -0.32065431 0.09293261
-0.09216250 0.99473657 0.04477987 -0.01283077
0.32352003 -0.01261790 0.94613719 0.04468422
0.00000000 0.00000000 0.00000000 1.00000000
# frame 95 good=1
0.93813530 0.10732256 -0.32921730 0.09513102
-0.09609726 0.99410361 0.05023282 -0.01253611
0.33266722 -0.01548830 0.94291709 0.04602609
0.00000000 0.00000000 0.00000000 1.00000000
# frame 96 good=1
0.93837961 0.11027832 -0.32753993 0.09512364
-0.09857993 0.99376114 0.05216130 -0.01165313
0.33124872 -0.01665824 0.94339641 0.04653706
0.00000000 0.00000000 0.00000000 1.00000000
# frame 97 good=1
0.93553883 0.12132385 -0.33173427 0.09507770
-0.10644827 0.99233787 0.06272418 -0.01216024
0.33680242 -0.02336836 0.94128532 0.04774386
0.00000000 0.00000000 0.00000000 1.00000000
# frame 98 good=1
0.93452992 0.12372746 -0.33368450 0.09511483
-0.10760725 0.99197061 0.06644543 -0.01247890
0.33922634 -0.02618837 0.94034018 0.04765574
0.00000000 0.00000000 0.00000000 1.00000000
# frame 99 good=1
0.93298611 0.12615460 -0.33707852 0.09607372
-0.10848622 0.99157143 0.07082967 -0.01217353
0.34317292 -0.02951472 0.93880841 0.04821601
0.00000000 0.00000000 0.00000000 1.00000000
# frame 100 good=1
0.93180789 0.13035656 -0.33873474 0.09581377
-0.11114375 0.99092455 0.07560160 -0.01198724
0.34551574 -0.03279791 0.93783963 0.04808638
0.00000000 0.00000000 0.00000000 1.00000000
# frame 101 good=1
0.92965351 0.13565239 -0.34255332 0.09605307
-0.11343543 0.98997270 0.08418110 -0.01294933
0.35053780 -0.03940157 0.93571939 0.04841182
0.00000000 0.00000000 0.00000000 1.00000000
# frame 102 good=1
0.92890948 0.13753316 -0.34381945 0.09585020
-0.11391765 0.98957878 0.08807158 -0.01411213
0.35234919 -0.04264342 0.93489656 0.04842888
0.00000000 0.00000000 0.00000000 1.00000000
# frame 103 good=1
0.92721876 0.13879164 -0.34785379 0.09574813
-0.11585873 0.98953624 0.08599292 -0.01386318
0.35614903 -0.03943235 0.93359679 0.04841099
0.00000000 0.00000000 0.00000000 1.00000000
# frame 104 good=1
0.92486326 0.14651227 -0.35094460 0.09587581
-0.12095101 0.98821571 0.09381133 -0.01478821
0.36055347 -0.04431555 0.93168521 0.04896351
0.00000000 0.00000000 0.00000000 1.00000000
# frame 105 good=1
0.92417019 0.15927292 -0.34719101 0.09503403
-0.13094198 0.98594608 0.10375222 -0.01474464
0.35883653 -0.05042284 0.93203749 0.05322632
0.00000000 0.00000000 0.00000000 1.00000000
# frame 106 good=1
0.92516829 0.16288195 -0.34283101 0.09394314
-0.13301098 0.98509358 0.10908120 -0.01548472
0.35548798 -0.05531818 0.93304244 0.05305679
0.00000000 0.00000000 0.00000000 1.00000000
# frame 107 good=1
0.92556229 0.16602094 -0.34025210 0.09409484
-0.13618326 0.98456300 0.10995373 -0.01559952
0.35325425 -0.05543239 0.93388366 0.05379245
0.00000000 0.00000000 0.00000000 1.00000000
# frame 108 good=1
0.92606304 0.16776041 -0.33802914 0.09445565
-0.13762387 0.98419846 0.11141392 -0.01596798
0.35137860 -0.05665544 0.93451765 0.05312419
0.00000000 0.00000000 0.00000000 1.00000000
