9.998731710681916240e-01 3.390902171373987809e-04 1.592252479550885017e-02 -3.950267175200707602e-03
-4.030384541536742343e-04 9.999918659601793047e-01 4.013174987864370595e-03 7.023616938346867325e-04
-1.592103445268006762e-02 -4.019083390947304595e-03 9.998651747263994638e-01 4.537792490744018575e-04
0.000000000000000000e+00 0.000000000000000000e+00 0.000000000000000000e+00 1.000000000000000000e+00
