# frame 0 good=1
1.00000000 0.00000000 0.00000000 0.00000000
0.00000000 1.00000000 0.00000000 0.00000000
0.00000000 0.00000000 1.00000000 0.00000000
0.00000000 0.00000000 0.00000000 1.00000000
# frame 1 good=1
-0.23892285 0.96991041 -0.04679391 2.09029420
0.65185005 0.12448280 -0.74806119 3.87512924
-0.71972730 -0.20923152 -0.66197793 -3.47980217
0.00000000 0.00000000 0.00000000 1.00000000
# frame 2 good=1
-0.22964220 0.97224900 -0.04468050 2.08963001
0.65015417 0.11907855 -0.75041312 3.87531995
-0.72426792 -0.20137574 -0.65945720 -3.48117280
0.00000000 0.00000000 0.00000000 1.00000000
# frame 3 good=1
-0.23001422 0.97226406 -0.04237992 2.08939948
0.64808206 0.12054303 -0.75197010 3.87473900
-0.72600489 -0.20042948 -0.65783350 -3.48175169
0.00000000 0.00000000 0.00000000 1.00000000
# frame 4 good=1
-0.23012984 0.97233631 -0.04002940 2.08900366
0.64611502 0.12190279 -0.75344216 3.87394002
-0.72771948 -0.19925312 -0.65629456 -3.48218063
0.00000000 0.00000000 0.00000000 1.00000000
# frame 5 good=1
-0.23043509 0.97224282 -0.04054099 2.08895168
0.64272917 0.12079045 -0.75651099 3.87381680
-0.73061541 -0.20038355 -0.65272318 -3.48236623
0.00000000 0.00000000 0.00000000 1.00000000
# frame 6 good=1
-0.23134588 0.97202912 -0.04047806 2.08913060
0.63747329 0.12002763 -0.76106582 3.87363276
-0.73491965 -0.20187312 -0.64741050 -3.48219879
0.00000000 0.00000000 0.00000000 1.00000000
# frame 7 good=1
-0.23203892 0.97180596 -0.04184637 2.08942744
0.63608293 0.11904958 -0.76238160 3.87283136
-0.73590519 -0.20351996 -0.64577332 -3.48145540
0.00000000 0.00000000 0.00000000 1.00000000
# frame 8 good=1
-0.23213899 0.97182947 -0.04073046 2.08891838
0.63398872 0.11941674 -0.76406672 3.87291646
-0.73767865 -0.20319233 -0.64385020 -3.48168536
0.00000000 0.00000000 0.00000000 1.00000000
# frame 9 good=1
-0.23308885 0.97161205 -0.04049209 2.08945072
0.63193243 0.11968827 -0.76572588 3.87271945
-0.73914206 -0.20407044 -0.64189117 -3.48185020
0.00000000 0.00000000 0.00000000 1.00000000
# frame 10 good=1
-0.23347511 0.97159926 -0.03852588 2.08932157
0.63071354 0.12116715 -0.76649785 3.87290570
-0.74006068 -0.20325696 -0.64109032 -3.48172025
0.00000000 0.00000000 0.00000000 1.00000000
# frame 11 good=1
-0.23140414 0.97221626 -0.03532219 2.08874418
0.62947295 0.12194470 -0.76739384 3.87229804
-0.74176542 -0.19981248 -0.64020234 -3.48157647
0.00000000 0.00000000 0.00000000 1.00000000
# frame 12 good=1
-0.22554098 0.97372133 -0.03159178 2.08888266
0.62287229 0.11918887 -0.77319087 3.87388852
-0.74910706 -0.19406387 -0.63338601 -3.48078701
0.00000000 0.00000000 0.00000000 1.00000000
# frame 13 good=1
-0.22559279 0.97377647 -0.02944958 2.08900744
0.62066491 0.12035667 -0.77478341 3.87400988
-0.75092140 -0.19306387 -0.63154049 -3.48070187
0.00000000 0.00000000 0.00000000 1.00000000
# frame 14 good=1
-0.22608095 0.97372888 -0.02719326 2.08829926
0.61826248 0.12186421 -0.77646676 3.87445575
-0.75275422 -0.19235692 -0.62957120 -3.48094061
0.00000000 0.00000000 0.00000000 1.00000000
# frame 15 good=1
-0.22692039 0.97367574 -0.02150999 2.08814756
0.61291745 0.12561015 -0.78009890 3.87578070
-0.75686150 -0.19020420 -0.62528636 -3.48120387
0.00000000 0.00000000 0.00000000 1.00000000
# frame 16 good=1
-0.22820303 0.97342792 -0.01901202 2.08823288
0.60904759 0.12749123 -0.78281991 3.87687466
-0.75959489 -0.19022111 -0.62195782 -3.48044939
0.00000000 0.00000000 0.00000000 1.00000000
# frame 17 good=1
-0.22845549 0.97343152 -0.01546497 2.08885532
0.60634912 0.12984078 -0.78452668 3.87799957
-0.76167502 -0.18860660 -0.61990218 -3.48036342
0.00000000 0.00000000 0.00000000 1.00000000
# frame 18 good=1
-0.23304831 0.97244081 -0.00688130 2.09011838
0.60165540 0.13862201 -0.78663506 3.87875900
-0.76400214 -0.18746414 -0.61737989 -3.48096711
0.00000000 0.00000000 0.00000000 1.00000000
# frame 19 good=1
-0.23501514 0.97198622 -0.00326567 2.09082817
0.59981875 0.14238392 -0.78736541 3.87980614
-0.76484335 -0.18700160 -0.61647794 -3.48135482
0.00000000 0.00000000 0.00000000 1.00000000
# frame 20 good=1
-0.23354802 0.97234143 0.00273111 2.09135613
0.59728636 0.14567829 -0.78868679 3.88145279
-0.76727070 -0.18256498 -0.61478915 -3.48208042
0.00000000 0.00000000 0.00000000 1.00000000
# frame 21 good=1
-0.23501745 0.97196176 0.00755859 2.09248743
0.59316328 0.14957693 -0.79106515 3.88245093
-0.77001566 -0.18143063 -0.61168521 -3.48417200
0.00000000 0.00000000 0.00000000 1.00000000
# frame 22 good=1
-0.24004115 0.97070801 0.01030596 2.09424789
0.58392016 0.15285926 -0.79728996 3.88450976
-0.77551111 -0.18536454 -0.60350849 -3.48269795
0.00000000 0.00000000 0.00000000 1.00000000
# frame 23 good=1
-0.23999034 0.97070923 0.01132356 2.09449664
0.58485255 0.15388454 -0.79640884 3.88589847
-0.77482393 -0.18450782 -0.60465258 -3.48241949
0.00000000 0.00000000 0.00000000 1.00000000
# frame 24 good=1
-0.24368082 0.96978199 0.01193935 2.09459379
0.58199082 0.15606451 -0.79807929 3.88615791
-0.77582624 -0.18752802 -0.60243414 -3.48384234
0.00000000 0.00000000 0.00000000 1.00000000
# frame 25 good=1
-0.24530816 0.96938525 0.01077709 2.09488748
0.57886016 0.15538304 -0.80048550 3.88683612
-0.77765341 -0.19012720 -0.59925522 -3.48365089
0.00000000 0.00000000 0.00000000 1.00000000
# frame 26 good=1
-0.24506547 0.96946387 0.00909515 2.09472448
0.57384170 0.15260697 -0.80462216 3.88759318
-0.78144009 -0.19196593 -0.59371749 -3.48307486
0.00000000 0.00000000 0.00000000 1.00000000
# frame 27 good=1
-0.25024362 0.96812982 0.01013768 2.09424280
0.56173041 0.15370927 -0.81291599 3.88814358
-0.78856647 -0.19773240 -0.58229273 -3.48284748
0.00000000 0.00000000 0.00000000 1.00000000
# frame 28 good=1
-0.25387516 0.96717703 0.01077050 2.09580870
0.55849812 0.15567393 -0.81476713 3.88676922
-0.78970074 -0.20083383 -0.57968829 -3.48195556
0.00000000 0.00000000 0.00000000 1.00000000
# frame 29 good=1
-0.25753500 0.96616077 0.01446027 2.09564068
0.55074192 0.15906644 -0.81937855 3.88703188
-0.79395155 -0.20305477 -0.57307041 -3.48259300
0.00000000 0.00000000 0.00000000 1.00000000
# frame 30 good=1
-0.25648523 0.96639481 0.01721640 2.09614886
0.54714398 0.15985176 -0.82163306 3.88770762
-0.79677399 -0.20131689 -0.56975671 -3.48213472
0.00000000 0.00000000 0.00000000 1.00000000
# frame 31 good=1
-0.25585137 0.96652045 0.01944990 2.09624411
0.54562655 0.16098501 -0.82242051 3.88730304
-0.79801738 -0.19980503 -0.56854745 -3.48276935
0.00000000 0.00000000 0.00000000 1.00000000
# frame 32 good=1
-0.25785817 0.96575070 0.02889206 2.09779145
0.53582008 0.16782111 -0.82748590 3.89017010
-0.80399378 -0.19789306 -0.56074266 -3.48429835
0.00000000 0.00000000 0.00000000 1.00000000
# frame 33 good=1
-0.25887389 0.96530536 0.03420334 2.09744809
0.53245542 0.17215833 -0.82876579 3.89110268
-0.80590045 -0.19633407 -0.55854937 -3.48591432
0.00000000 0.00000000 0.00000000 1.00000000
# frame 34 good=1
-0.25931967 0.96508388 0.03696493 2.09692799
0.52937875 0.17404890 -0.83034037 3.89141042
-0.80778181 -0.19575514 -0.55602920 -3.48551644
0.00000000 0.00000000 0.00000000 1.00000000
# frame 35 good=1
-0.25944895 0.96503600 0.03730644 2.09630233
0.52412557 0.17314583 -0.83385425 3.89274510
-0.81115882 -0.19678935 -0.55072254 -3.48586243
0.00000000 0.00000000 0.00000000 1.00000000
# frame 36 good=1
-0.25771190 0.96556538 0.03560999 2.09615329
0.52159923 0.17005048 -0.83607241 3.89362454
-0.81333807 -0.19689167 -0.54746219 -3.48633502
0.00000000 0.00000000 0.00000000 1.00000000
# frame 37 good=1
-0.25679799 0.96575848 0.03695057 2.09407065
0.51913123 0.17008564 -0.83759993 3.89578535
-0.81520400 -0.19591179 -0.54503303 -3.48743767
0.00000000 0.00000000 0.00000000 1.00000000
# frame 38 good=1
-0.25808839 0.96549246 0.03485230 2.09404326
0.51608258 0.16827218 -0.83984716 3.89689724
-0.81673077 -0.19876814 -0.54170293 -3.48778575
0.00000000 0.00000000 0.00000000 1.00000000
# frame 39 good=1
-0.25911519 0.96525188 0.03388399 2.09308266
0.51061962 0.16668218 -0.84349550 3.89893742
-0.81983348 -0.20126066 -0.53606643 -3.48894564
0.00000000 0.00000000 0.00000000 1.00000000
# frame 40 good=1
-0.25959242 0.96511157 0.03422623 2.09226706
0.50705668 0.16637793 -0.84570202 3.89994321
-0.82189130 -0.20218319 -0.53255671 -3.48965621
0.00000000 0.00000000 0.00000000 1.00000000
# frame 41 good=1
-0.26232356 0.96432673 0.03550091 2.09304908
0.50125129 0.16760631 -0.84891417 3.89995494
-0.82458080 -0.20489532 -0.52733710 -3.49034276
0.00000000 0.00000000 0.00000000 1.00000000
# frame 42 good=1
-0.27195088 0.96114191 0.04742319 2.09411901
0.49102063 0.18097721 -0.85214200 3.90200656
-0.82761190 -0.20845500 -0.52115742 -3.49241258
0.00000000 0.00000000 0.00000000 1.00000000
# frame 43 good=1
-0.27407380 0.96043937 0.04939393 2.09474103
0.49098518 0.18390217 -0.85153599 3.90219835
-0.82693234 -0.20913202 -0.52196427 -3.49363607
0.00000000 0.00000000 0.00000000 1.00000000
# frame 44 good=1
-0.27317843 0.96054605 0.05219993 2.09377832
0.48899394 0.18539004 -0.85235876 3.90379081
-0.82840719 -0.20732058 -0.52034576 -3.49474046
0.00000000 0.00000000 0.00000000 1.00000000
# frame 45 good=1
-0.26881373 0.96176576 0.05240041 2.09370289
0.48535427 0.18224618 -0.85511260 3.90508264
-0.83196780 -0.20443325 -0.51578739 -3.49567775
0.00000000 0.00000000 0.00000000 1.00000000
# frame 46 good=1
-0.26668454 0.96249111 0.04990217 2.09395007
0.48211221 0.17805794 -0.85782468 3.90563627
-0.83453411 -0.20471014 -0.51151401 -3.49660607
0.00000000 0.00000000 0.00000000 1.00000000
# frame 47 good=1
-0.26851596 0.96194679 0.05057228 2.09381832
0.47842573 0.17874599 -0.85974339 3.90602988
-0.83606698 -0.20665974 -0.50821624 -3.49655816
0.00000000 0.00000000 0.00000000 1.00000000
# frame 48 good=1
-0.26821493 0.96208195 0.04958895 2.09371329
0.47663488 0.17726026 -0.86104471 3.90671027
-0.83718573 -0.20730922 -0.50610566 -3.49716155
0.00000000 0.00000000 0.00000000 1.00000000
# frame 49 good=1
-0.26979323 0.96153673 0.05156287 2.09337027
0.47409680 0.17925161 -0.86203311 3.90841642
-0.83811923 -0.20812491 -0.50422236 -3.49853242
0.00000000 0.00000000 0.00000000 1.00000000
# frame 50 good=1
-0.27202184 0.96072528 0.05487302 2.09302591
0.47051252 0.18253084 -0.86330786 3.90914576
-0.83941771 -0.20902015 -0.50168564 -3.49972679
0.00000000 0.00000000 0.00000000 1.00000000
# frame 51 good=1
-0.27185122 0.96068553 0.05639346 2.09317876
0.46872024 0.18336086 -0.86410655 3.90939662
-0.84047502 -0.20847566 -0.50013962 -3.50014267
0.00000000 0.00000000 0.00000000 1.00000000
# frame 52 good=1
-0.27439793 0.95925092 0.06740507 2.09491902
0.45759156 0.19190361 -0.86820676 3.91187394
-0.84576341 -0.20739014 -0.49160308 -3.50276512
0.00000000 0.00000000 0.00000000 1.00000000
# frame 53 good=1
-0.27320161 0.95948944 0.06885422 2.09459239
0.45767764 0.19260673 -0.86800566 3.91195048
-0.84610405 -0.20562750 -0.49175733 -3.50361407
0.00000000 0.00000000 0.00000000 1.00000000
# frame 54 good=1
-0.27219820 0.95957339 0.07160347 2.09367330
0.45552850 0.19404892 -0.86881460 3.91331924
-0.84758594 -0.20387234 -0.48993279 -3.50501621
0.00000000 0.00000000 0.00000000 1.00000000
# frame 55 good=1
-0.27280573 0.95936664 0.07206024 2.09424022
0.45380496 0.19436516 -0.86964547 3.91381658
-0.84831486 -0.20454297 -0.48838927 -3.50504946
0.00000000 0.00000000 0.00000000 1.00000000
# frame 56 good=1
-0.27401715 0.95886171 0.07415406 2.09383060
0.45211896 0.19648903 -0.87004626 3.91463545
-0.84882451 -0.20488114 -0.48736093 -3.50523405
0.00000000 0.00000000 0.00000000 1.00000000
# frame 57 good=1
-0.27431399 0.95862393 0.07610514 2.09390021
0.45062239 0.19805378 -0.87046778 3.91412560
-0.84952416 -0.20448681 -0.48630633 -3.50614651
0.00000000 0.00000000 0.00000000 1.00000000
# frame 58 good=1
-0.27292314 0.95913012 0.07471533 2.09396625
0.44772261 0.19537289 -0.87256742 3.91477784
-0.85150304 -0.20469210 -0.48274602 -3.50703759
0.00000000 0.00000000 0.00000000 1.00000000
# frame 59 good=1
-0.27214680 0.95940930 0.07395892 2.09383928
0.44570314 0.19379963 -0.87395104 3.91476343
-0.85280996 -0.20487925 -0.48035369 -3.50785870
0.00000000 0.00000000 0.00000000 1.00000000
# frame 60 good=1
-0.27192093 0.95952925 0.07322999 2.09378345
0.44385897 0.19257614 -0.87515921 3.91445364
-0.85384321 -0.20547032 -0.47826114 -3.50837421
0.00000000 0.00000000 0.00000000 1.00000000
# frame 61 good=1
-0.27306680 0.95930593 0.07187943 2.09374573
0.44165805 0.19139533 -0.87653066 3.91444960
-0.85461845 -0.20760529 -0.47594889 -3.50847819
0.00000000 0.00000000 0.00000000 1.00000000
# frame 62 good=1
-0.27408896 0.95915664 0.06995563 2.09305577
0.43554169 0.18865588 -0.88017748 3.91511428
-0.85742561 -0.21077834 -0.46946119 -3.50949327
0.00000000 0.00000000 0.00000000 1.00000000
# frame 63 good=1
-0.27624136 0.95870571 0.06763184 2.09319660
0.43310879 0.18699755 -0.88173051 3.91514492
-0.85796706 -0.21427849 -0.46688033 -3.51041870
0.00000000 0.00000000 0.00000000 1.00000000
# frame 64 good=1
-0.27661671 0.95872358 0.06582023 2.09327858
0.43154025 0.18512482 -0.88289400 3.91556059
-0.85863625 -0.21581915 -0.46493642 -3.51040969
0.00000000 0.00000000 0.00000000 1.00000000
# frame 65 good=1
-0.27724757 0.95869024 0.06361449 2.09312183
0.43291778 0.18375647 -0.88250539 3.91597614
-0.85773888 -0.21713263 -0.46598008 -3.51088794
0.00000000 0.00000000 0.00000000 1.00000000
# frame 66 good=1
-0.27951529 0.95821534 0.06078292 2.09309518
0.43186408 0.18201251 -0.88338262 3.91625415
-0.85753403 -0.22066899 -0.46469407 -3.51191003
0.00000000 0.00000000 0.00000000 1.00000000
# frame 67 good=1
-0.28096028 0.95800718 0.05730232 2.09236188
0.43027175 0.17910890 -0.88475207 3.91659163
-0.85786219 -0.22392462 -0.46252592 -3.51326295
0.00000000 0.00000000 0.00000000 1.00000000
# frame 68 good=1
-0.28254513 0.95744773 0.05883947 2.09208047
0.42866180 0.18089679 -0.88516971 3.91693020
-0.85814760 -0.22487816 -0.46153278 -3.51334280
0.00000000 0.00000000 0.00000000 1.00000000
# frame 69 good=1
-0.28325148 0.95713681 0.06047917 2.09226542
0.42689892 0.18230221 -0.88573315 3.91732646
-0.85879329 -0.22506673 -0.46023804 -3.51362211
0.00000000 0.00000000 0.00000000 1.00000000
# frame 70 good=1
-0.28634632 0.95628133 0.05942890 2.09275995
0.42307503 0.18184876 -0.88765903 3.91824129
-0.85965883 -0.22903502 -0.45665047 -3.51429141
0.00000000 0.00000000 0.00000000 1.00000000
# frame 71 good=1
-0.28811249 0.95557324 0.06221722 2.09247996
0.42131739 0.18483988 -0.88787717 3.91829567
-0.85993189 -0.22959531 -0.45585430 -3.51438127
0.00000000 0.00000000 0.00000000 1.00000000
# frame 72 good=1
-0.29280010 0.95340203 0.07275070 2.09317859
0.41601989 0.19553082 -0.88808510 3.91935213
-0.86092715 -0.22976567 -0.45388566 -3.51511617
0.00000000 0.00000000 0.00000000 1.00000000
# frame 73 good=1
-0.29302638 0.95302257 0.07670406 2.09260621
0.41400378 0.19878915 -0.88830386 3.91903117
-0.86182157 -0.22854070 -0.45280541 -3.51647586
0.00000000 0.00000000 0.00000000 1.00000000
# frame 74 good=1
-0.29224838 0.95320299 0.07742701 2.09287917
0.41231883 0.19863713 -0.88912118 3.91907204
-0.86289285 -0.22791961 -0.45107492 -3.51733746
0.00000000 0.00000000 0.00000000 1.00000000
# frame 75 good=1
-0.29226767 0.95281624 0.08198063 2.09127491
0.41014158 0.20232261 -0.88929717 3.92003565
-0.86392332 -0.22628914 -0.44992191 -3.51905171
0.00000000 0.00000000 0.00000000 1.00000000
# frame 76 good=1
-0.29224527 0.95289461 0.08114539 2.09071700
0.40872271 0.20115973 -0.89021374 3.92082154
-0.86460306 -0.22699479 -0.44825765 -3.51985241
0.00000000 0.00000000 0.00000000 1.00000000
# frame 77 good=1
-0.29139770 0.95357259 0.07607041 2.09170788
0.40780285 0.19576403 -0.89183703 3.92130644
-0.86532319 -0.22885753 -0.44591481 -3.52156948
0.00000000 0.00000000 0.00000000 1.00000000
# frame 78 good=1
-0.29247340 0.95334214 0.07482027 2.09132324
0.40549072 0.19449710 -0.89316748 3.92223008
-0.86604652 -0.23088881 -0.44345662 -3.52274161
0.00000000 0.00000000 0.00000000 1.00000000
# frame 79 good=1
-0.29272009 0.95332447 0.07407707 2.09117204
0.40248727 0.19311584 -0.89482416 3.92280652
-0.86736322 -0.23211793 -0.44022984 -3.52362583
0.00000000 0.00000000 0.00000000 1.00000000
# frame 80 good=1
-0.29081465 0.95401167 0.07272256 2.09121725
0.39918452 0.19005807 -0.89695577 3.92360356
-0.86952778 -0.23181816 -0.43609836 -3.52370404
0.00000000 0.00000000 0.00000000 1.00000000
# frame 81 good=1
-0.29195385 0.95355872 0.07408589 2.09126823
0.39771065 0.19148371 -0.89730721 3.92338179
-0.86982136 -0.23250754 -0.43514486 -3.52387153
0.00000000 0.00000000 0.00000000 1.00000000
# frame 82 good=1
-0.28905334 0.95465993 0.07122202 2.08969737
0.38126419 0.18304371 -0.90616368 3.92488418
-0.87811490 -0.23477524 -0.41688704 -3.52551780
0.00000000 0.00000000 0.00000000 1.00000000
# frame 83 good=1
-0.28963080 0.95451804 0.07077646 2.08916923
0.37577542 0.18140725 -0.90878173 3.92629947
-0.88028792 -0.23661513 -0.41122555 -3.52552176
0.00000000 0.00000000 0.00000000 1.00000000
# frame 84 good=1
-0.29254135 0.95371708 0.06959376 2.08901977
0.36767362 0.17936513 -0.91249343 3.92725102
-0.88274326 -0.24135427 -0.40312833 -3.52585705
0.00000000 0.00000000 0.00000000 1.00000000
# frame 85 good=1
-0.29468040 0.95318005 0.06790622 2.08845209
0.36339027 0.17749963 -0.91457170 3.92750398
-0.88380483 -0.24482990 -0.39868202 -3.52660275
0.00000000 0.00000000 0.00000000 1.00000000
# frame 86 good=1
-0.29488340 0.95315099 0.06743128 2.08823181
0.35946205 0.17604104 -0.91640416 3.92765768
-0.88534220 -0.24599339 -0.39453319 -3.52774937
0.00000000 0.00000000 0.00000000 1.00000000
# frame 87 good=1
-0.29568647 0.95283975 0.06830753 2.08760042
0.35668581 0.17645475 -0.91740883 3.92793102
-0.88619679 -0.24690105 -0.39203970 -3.52812623
0.00000000 0.00000000 0.00000000 1.00000000
# frame 88 good=1
-0.29745519 0.95223056 0.06911847 2.08791497
0.34787190 0.17551641 -0.92096641 3.92893687
-0.88910379 -0.24990187 -0.38346252 -3.52961297
0.00000000 0.00000000 0.00000000 1.00000000
# frame 89 good=1
-0.29808005 0.95186372 0.07144042 2.08805884
0.34352534 0.17680177 -0.92235106 3.92979182
-0.89058330 -0.25039286 -0.37969039 -3.52953791
0.00000000 0.00000000 0.00000000 1.00000000
# frame 90 good=1
-0.29808235 0.95161438 0.07467924 2.08801314
0.33880559 0.17861918 -0.92374561 3.92986891
-0.89238875 -0.25005052 -0.37565550 -3.53050092
0.00000000 0.00000000 0.00000000 1.00000000
# frame 91 good=1
-0.29582852 0.95228378 0.07510723 2.08760063
0.32994027 0.17565029 -0.92751625 3.93134099
-0.89645129 -0.24960486 -0.36615913 -3.53153103
0.00000000 0.00000000 0.00000000 1.00000000
# frame 92 good=1
-0.28892170 0.95385573 0.08175262 2.08497413
0.31127291 0.17435128 -0.93418992 3.93538990
-0.90533608 -0.24446037 -0.34728332 -3.53439509
0.00000000 0.00000000 0.00000000 1.00000000
# frame 93 good=1
-0.28717214 0.95444099 0.08108369 2.08473142
0.30638099 0.17172567 -0.93629108 3.93640991
-0.90755873 -0.24403421 -0.34173740 -3.53485353
0.00000000 0.00000000 0.00000000 1.00000000
# frame 94 good=1
-0.28573108 0.95500070 0.07957019 2.08414213
0.30278248 0.16874477 -0.93800212 3.93753785
-0.90921973 -0.24392390 -0.33737311 -3.53509494
0.00000000 0.00000000 0.00000000 1.00000000
# frame 95 good=1
-0.28655291 0.95487495 0.07811055 2.08372544
0.29870046 0.16650838 -0.93970900 3.93951989
-0.91031064 -0.24594469 -0.33293504 -3.53586476
0.00000000 0.00000000 0.00000000 1.00000000
# frame 96 good=1
-0.28668785 0.95467535 0.08003162 2.08307428
0.28401556 0.16447711 -0.94460703 3.94113695
-0.91495641 -0.24807713 -0.31829624 -3.53832295
0.00000000 0.00000000 0.00000000 1.00000000
# frame 97 good=1
-0.28755576 0.95439847 0.08022002 2.08306333
0.27659450 0.16294084 -0.94707221 3.94285612
-0.91695538 -0.25014766 -0.31083594 -3.53928930
0.00000000 0.00000000 0.00000000 1.00000000
# frame 98 good=1
-0.28701092 0.95455852 0.08026685 2.08298308
0.26898771 0.16073066 -0.94963744 3.94327440
-0.91938585 -0.25096552 -0.30289597 -3.54039052
0.00000000 0.00000000 0.00000000 1.00000000
# frame 99 good=1
-0.28690995 0.95459864 0.08015059 2.08272154
0.26376314 0.15915472 -0.95136680 3.94408704
-0.92092979 -0.25181583 -0.29745101 -3.54048788
0.00000000 0.00000000 0.00000000 1.00000000
# frame 100 good=1
-0.28645332 0.95465057 0.08115903 2.08172894
0.25306487 0.15709048 -0.95461026 3.94639449
-0.92406854 -0.25291278 -0.28658761 -3.54279209
0.00000000 0.00000000 0.00000000 1.00000000
# frame 101 good=1
-0.28743382 0.95411409 0.08395304 2.08139453
0.24838209 0.15890536 -0.95553934 3.94645248
-0.92503413 -0.25380189 -0.28265962 -3.54342062
0.00000000 0.00000000 0.00000000 1.00000000
# frame 102 good=1
-0.28988789 0.95294543 0.08865671 2.08073276
0.22614961 0.15821589 -0.96115768 3.94808706
-0.92995772 -0.25857829 -0.26137311 -3.54598201
0.00000000 0.00000000 0.00000000 1.00000000
# frame 103 good=1
-0.29182512 0.95208160 0.09153543 2.07970142
0.22069859 0.16014600 -0.96210467 3.94850160
-0.93066118 -0.26056457 -0.25685769 -3.54583486
0.00000000 0.00000000 0.00000000 1.00000000
# frame 104 good=1
-0.29153572 0.95180650 0.09524339 2.07953084
0.21217154 0.16143175 -0.96380653 3.95000500
-0.93273263 -0.26077609 -0.24900938 -3.54712003
0.00000000 0.00000000 0.00000000 1.00000000
# frame 105 good=1
-0.29154806 0.95095131 0.10339894 2.07924871
0.19756966 0.16562849 -0.96619534 3.94960360
-0.93593053 -0.26126388 -0.23616779 -3.54787211
0.00000000 0.00000000 0.00000000 1.00000000
# frame 106 good=1
-0.29072623 0.95119086 0.10350947 2.08048852
0.19013998 0.16345971 -0.96805357 3.95054445
-0.93772333 -0.26175727 -0.22838143 -3.54860766
0.00000000 0.00000000 0.00000000 1.00000000
# frame 107 good=1
-0.29048991 0.95097757 0.10610029 2.08027272
0.18510864 0.16463610 -0.96882906 3.95022157
-0.93880264 -0.26179499 -0.22385929 -3.54878089
0.00000000 0.00000000 0.00000000 1.00000000
# frame 108 good=1
-0.28867406 0.95167173 0.10482461 2.08043439
0.18046924 0.16160929 -0.97021301 3.95035908
-0.94026493 -0.26115771 -0.21839988 -3.54898078
0.00000000 0.00000000 0.00000000 1.00000000
# frame 109 good=1
-0.28663876 0.95231540 0.10456388 2.08085118
0.17221458 0.15858347 -0.97221058 3.95032619
-0.94243321 -0.26066581 -0.20945877 -3.54939929
0.00000000 0.00000000 0.00000000 1.00000000
# frame 110 good=1
-0.28583835 0.95249705 0.10509905 2.08054345
0.16525052 0.15702603 -0.97367094 3.95097889
-0.94392198 -0.26094482 -0.20228470 -3.55036759
0.00000000 0.00000000 0.00000000 1.00000000
# frame 111 good=1
-0.28630618 0.95215436 0.10691516 2.08043513
0.15666638 0.15660650 -0.97515642 3.95237133
-0.94524305 -0.26244330 -0.19400798 -3.55168975
0.00000000 0.00000000 0.00000000 1.00000000
# frame 112 good=1
-0.28565685 0.95267889 0.10393798 2.08115362
0.15072878 0.15177105 -0.97685535 3.95043623
-0.94640425 -0.26337898 -0.18695057 -3.54853488
0.00000000 0.00000000 0.00000000 1.00000000
# frame 113 good=1
-0.28517290 0.95293238 0.10293827 2.08122055
0.14694044 0.14959421 -0.97776791 3.95130720
-0.94714567 -0.26370712 -0.18268452 -3.54907916
0.00000000 0.00000000 0.00000000 1.00000000
# frame 114 good=1
-0.28315682 0.95360311 0.10229041 2.08117345
0.13952454 0.14647902 -0.97932466 3.95157125
-0.94887044 -0.26303043 -0.17452757 -3.55040257
0.00000000 0.00000000 0.00000000 1.00000000
# frame 115 good=1
-0.28187299 0.95377408 0.10422390 2.08150561
0.13587363 0.14721529 -0.97972752 3.95105450
-0.94978207 -0.26199745 -0.17108876 -3.55086289
0.00000000 0.00000000 0.00000000 1.00000000
# frame 116 good=1
-0.28212884 0.95327441 0.10803343 2.08132977
0.13142163 0.14994841 -0.97992032 3.95075672
-0.95033240 -0.26226585 -0.16758565 -3.55087047
0.00000000 0.00000000 0.00000000 1.00000000
# frame 117 good=1
-0.28134041 0.95311136 0.11147338 2.08058859
0.12712831 0.15216110 -0.98014560 3.95055360
-0.95114981 -0.26158314 -0.16397651 -3.55123229
0.00000000 0.00000000 0.00000000 1.00000000
# frame 118 good=1
-0.27981812 0.95356403 0.11143366 2.08081764
0.11948836 0.14975865 -0.98147587 3.95061942
-0.95258824 -0.26131970 -0.15584498 -3.55169989
0.00000000 0.00000000 0.00000000 1.00000000
# frame 119 good=1
-0.27880375 0.95395409 0.11063485 2.08140176
0.11560062 0.14770237 -0.98225277 3.95035691
-0.95336507 -0.26106630 -0.15145766 -3.55197633
0.00000000 0.00000000 0.00000000 1.00000000
# frame 120 good=1
-0.27806668 0.95375214 0.11417428 2.08096605
0.10890459 0.14939816 -0.98276140 3.95049942
-0.95436823 -0.26083910 -0.14541064 -3.55288161
0.00000000 0.00000000 0.00000000 1.00000000
# frame 121 good=1
-0.27624199 0.95437084 0.11343135 2.08236227
0.10065889 0.14610458 -0.98413477 3.95005787
-0.95580236 -0.26044147 -0.13642613 -3.55353296
0.00000000 0.00000000 0.00000000 1.00000000
# frame 122 good=1
-0.27628766 0.95398331 0.11653741 2.08443362
0.08309565 0.14451515 -0.98600734 3.94957611
-0.95747597 -0.26273791 -0.11919962 -3.55575053
0.00000000 0.00000000 0.00000000 1.00000000
# frame 123 good=1
-0.27588199 0.95380563 0.11892832 2.08474118
0.07993631 0.14606857 -0.98603963 3.94881429
-0.95786185 -0.26252389 -0.11654139 -3.55519806
0.00000000 0.00000000 0.00000000 1.00000000
# frame 124 good=1
-0.27461265 0.95431724 0.11775607 2.08548304
0.07578124 0.14356293 -0.98673547 3.94871008
-0.95856408 -0.26204635 -0.11174354 -3.55487091
0.00000000 0.00000000 0.00000000 1.00000000
# frame 125 good=1
-0.27308811 0.95472715 0.11797860 2.08534886
0.06741372 0.14133162 -0.98766430 3.94880754
-0.95962403 -0.26176600 -0.10295770 -3.55585199
0.00000000 0.00000000 0.00000000 1.00000000
# frame 126 good=1
-0.27061791 0.95563837 0.11628093 2.08570108
0.06241456 0.13795049 -0.98847058 3.94901728
-0.96066142 -0.26024021 -0.09697762 -3.55575965
0.00000000 0.00000000 0.00000000 1.00000000
# frame 127 good=1
-0.26983776 0.95602470 0.11491023 2.08557284
0.05522894 0.13450684 -0.98937236 3.94887248
-0.96132063 -0.26062365 -0.08909525 -3.55548733
0.00000000 0.00000000 0.00000000 1.00000000
# frame 128 good=1
-0.26794876 0.95615437 0.11820442 2.08577740
0.05199594 0.13686381 -0.98922430 3.94913289
-0.96202905 -0.25891527 -0.08638863 -3.55568046
0.00000000 0.00000000 0.00000000 1.00000000
# frame 129 good=1
-0.26431590 0.95656809 0.12294146 2.08654448
0.04830458 0.14044544 -0.98890937 3.94918522
-0.96322571 -0.25544583 -0.08332858 -3.55586340
0.00000000 0.00000000 0.00000000 1.00000000
# frame 130 good=1
-0.26354943 0.95630384 0.12658858 2.08612057
0.04272341 0.14267072 -0.98884770 3.94938644
-0.96369933 -0.25520195 -0.07845735 -3.55642036
0.00000000 0.00000000 0.00000000 1.00000000
# frame 131 good=1
-0.26143184 0.95781533 0.11934484 2.08681255
0.03597876 0.13322917 -0.99043198 3.94915557
-0.96455115 -0.25463658 -0.06929136 -3.55540611
0.00000000 0.00000000 0.00000000 1.00000000
# frame 132 good=1
-0.26587032 0.95733910 0.11320260 2.08591946
0.02733892 0.12486959 -0.99179644 3.95005046
-0.96362107 -0.26059440 -0.05937173 -3.55538527
0.00000000 0.00000000 0.00000000 1.00000000
# frame 133 good=1
-0.26447460 0.95807913 0.11017066 2.08688645
0.02311568 0.12050330 -0.99244376 3.94947408
-0.96411558 -0.25992950 -0.05401672 -3.55541233
0.00000000 0.00000000 0.00000000 1.00000000
# frame 134 good=1
-0.26929605 0.95660611 0.11128516 2.08680720
0.01937850 0.12091306 -0.99247393 3.94996817
-0.96286246 -0.26511277 -0.05109900 -3.55510185
0.00000000 0.00000000 0.00000000 1.00000000
# frame 135 good=1
-0.27149939 0.95598164 0.11129773 2.08742480
0.01583911 0.12006388 -0.99263981 3.94968441
-0.96230827 -0.26773825 -0.04773917 -3.55493119
0.00000000 0.00000000 0.00000000 1.00000000
# frame 136 good=1
-0.27289931 0.95518815 0.11463667 2.08778289
0.01013407 0.12200726 -0.99247747 3.94914703
-0.96198922 -0.26968468 -0.04297564 -3.55478185
0.00000000 0.00000000 0.00000000 1.00000000
# frame 137 good=1
-0.27484971 0.95429907 0.11734957 2.08805883
0.00808867 0.12434067 -0.99220662 3.94936288
-0.96145318 -0.27175850 -0.04189401 -3.55511605
0.00000000 0.00000000 0.00000000 1.00000000
# frame 138 good=1
-0.27734018 0.95335403 0.11915755 2.08863554
0.00967488 0.12678768 -0.99188270 3.94873167
-0.96072307 -0.27393609 -0.04438690 -3.55484777
0.00000000 0.00000000 0.00000000 1.00000000
# frame 139 good=1
-0.27787647 0.95283649 0.12201350 2.08932755
0.00748303 0.12915900 -0.99159566 3.94851058
-0.96058767 -0.27462808 -0.04302035 -3.55520370
0.00000000 0.00000000 0.00000000 1.00000000
# frame 140 good=1
-0.27747020 0.95310431 0.12084066 2.08946486
0.00590680 0.12746950 -0.99182490 3.94851480
-0.96071609 -0.27448807 -0.04099878 -3.55508668
0.00000000 0.00000000 0.00000000 1.00000000
# frame 141 good=1
-0.27729350 0.95350285 0.11807046 2.08942757
0.00516856 0.12436816 -0.99222268 3.94782658
-0.96077136 -0.27452664 -0.03941472 -3.55459332
0.00000000 0.00000000 0.00000000 1.00000000
# frame 142 good=1
-0.27952440 0.95370418 0.11097046 2.08993228
0.01857586 0.12092765 -0.99248750 3.94673861
-0.95995888 -0.27536311 -0.05151811 -3.55490517
0.00000000 0.00000000 0.00000000 1.00000000
# frame 143 good=1
-0.28118375 0.95309126 0.11203909 2.08973813
0.02240276 0.12323689 -0.99212438 3.94597867
-0.95939242 -0.27645927 -0.05600408 -3.55475518
0.00000000 0.00000000 0.00000000 1.00000000
# frame 144 good=1
-0.28101343 0.95390868 0.10530758 2.09039376
0.02861821 0.11800963 -0.99259998 3.94494948
-0.95927705 -0.27592021 -0.06046145 -3.55385686
0.00000000 0.00000000 0.00000000 1.00000000
# frame 145 good=1
-0.28141822 0.95444320 0.09920662 2.09042705
0.03329884 0.11303588 -0.99303277 3.94508568
-0.95900728 -0.27615405 -0.06359220 -3.55357129
0.00000000 0.00000000 0.00000000 1.00000000
# frame 146 good=1
-0.28198893 0.95426641 0.09928676 2.09035933
0.03873249 0.11472512 -0.99264190 3.94426078
-0.95863551 -0.27606841 -0.06931233 -3.55375844
0.00000000 0.00000000 0.00000000 1.00000000
# frame 147 good=1
-0.28404391 0.95357420 0.10007644 2.08993329
0.04554253 0.11767582 -0.99200720 3.94361989
-0.95772905 -0.27721587 -0.07685328 -3.55395612
0.00000000 0.00000000 0.00000000 1.00000000
# frame 148 good=1
-0.29287156 0.95124293 0.09676333 2.09011070
0.05988484 0.11925082 -0.99105653 3.94291614
-0.95427462 -0.28445761 -0.09189021 -3.55422487
0.00000000 0.00000000 0.00000000 1.00000000
# frame 149 good=1
-0.29094764 0.95183374 0.09675741 2.08938024
0.06348041 0.12011528 -0.99072830 3.94265811
-0.95463067 -0.28210786 -0.09537005 -3.55484166
0.00000000 0.00000000 0.00000000 1.00000000
# frame 150 good=1
-0.29096124 0.95224717 0.09255747 2.08955115
0.06856109 0.11724728 -0.99073329 3.94250996
-0.95427508 -0.28191915 -0.09940152 -3.55458073
0.00000000 0.00000000 0.00000000 1.00000000
# frame 151 good=1
-0.29171295 0.95300961 0.08170823 2.08862387
0.07494735 0.10793474 -0.99132890 3.94244046
-0.95356513 -0.28305966 -0.10291151 -3.55470080
0.00000000 0.00000000 0.00000000 1.00000000
# frame 152 good=1
-0.29140867 0.95401369 0.07027711 2.08810025
0.08598746 0.09929180 -0.99133612 3.94299416
-0.95272616 -0.28284099 -0.11096771 -3.55333265
0.00000000 0.00000000 0.00000000 1.00000000
# frame 153 good=1
-0.29167628 0.95364941 0.07401180 2.08772936
0.08437115 0.10272540 -0.99112512 3.94273397
-0.95278878 -0.28284323 -0.11042306 -3.55217527
0.00000000 0.00000000 0.00000000 1.00000000
# frame 154 good=1
-0.28879101 0.95425389 0.07745500 2.09136747
0.07482976 0.10315249 -0.99184680 3.94121515
-0.95446334 -0.28064049 -0.10119610 -3.54601586
0.00000000 0.00000000 0.00000000 1.00000000
# frame 155 good=1
-0.28701783 0.95266787 0.10022324 2.09943341
0.06737332 0.12444214 -0.98993686 3.93289486
-0.95555303 -0.27737716 -0.09990151 -3.54256201
0.00000000 0.00000000 0.00000000 1.00000000
# frame 156 good=1
-0.28655316 0.95287529 0.09957895 2.09914896
0.06288953 0.12242160 -0.99048365 3.93296738
-0.95599801 -0.27756374 -0.09500618 -3.54199839
0.00000000 0.00000000 0.00000000 1.00000000
# frame 157 good=1
-0.28724947 0.95322803 0.09404286 2.09798925
0.06008377 0.11591861 -0.99143977 3.93376687
-0.95596950 -0.27914010 -0.09057109 -3.54048013
0.00000000 0.00000000 0.00000000 1.00000000
# frame 158 good=1
-0.28849343 0.95310639 0.09143162 2.09831571
0.05888897 0.11297339 -0.99185135 3.93514703
-0.95566920 -0.28075829 -0.08871953 -3.53992655
0.00000000 0.00000000 0.00000000 1.00000000
# frame 159 good=1
-0.29461383 0.95104485 0.09336162 2.09770266
0.05685679 0.11496966 -0.99174053 3.93551845
-0.95392347 -0.28687223 -0.08794501 -3.53871769
0.00000000 0.00000000 0.00000000 1.00000000
# frame 160 good=1
-0.29548309 0.95095884 0.09147145 2.09715777
0.05385618 0.11217532 -0.99222790 3.93671357
-0.95382873 -0.28826027 -0.08436092 -3.53908975
0.00000000 0.00000000 0.00000000 1.00000000
# frame 161 good=1
-0.29689690 0.95075587 0.08896908 2.09778068
0.05626564 0.11042609 -0.99229041 3.93760909
-0.95325044 -0.28960205 -0.08628005 -3.53793114
0.00000000 0.00000000 0.00000000 1.00000000
# frame 162 good=1
-0.30632396 0.94654542 0.10108118 2.09946393
0.04597357 0.12077226 -0.99161509 3.93894880
-0.95081652 -0.29910840 -0.08051151 -3.53592023
0.00000000 0.00000000 0.00000000 1.00000000
# frame 163 good=1
-0.31043089 0.94510325 0.10204174 2.10043783
0.04230211 0.12097322 -0.99175401 3.93869340
-0.94965425 -0.30355450 -0.07753369 -3.53574589
0.00000000 0.00000000 0.00000000 1.00000000
# frame 164 good=1
-0.31478392 0.94364483 0.10220335 2.10047216
0.04163723 0.12130208 -0.99174198 3.93915990
-0.94824966 -0.30792896 -0.07747470 -3.53578079
0.00000000 0.00000000 0.00000000 1.00000000
# frame 165 good=1
-0.31663508 0.94270329 0.10513195 2.10067114
0.04186854 0.12461671 -0.99132119 3.93882845
-0.94762295 -0.30948534 -0.07892764 -3.53509494
0.00000000 0.00000000 0.00000000 1.00000000
# frame 166 good=1
-0.31599614 0.94295166 0.10482654 2.10126302
0.04418192 0.12499325 -0.99117337 3.93823997
-0.94773118 -0.30857552 -0.08115880 -3.53480944
0.00000000 0.00000000 0.00000000 1.00000000
# frame 167 good=1
-0.31307599 0.94413742 0.10289783 2.10231553
0.04406816 0.12266929 -0.99146873 3.93815114
-0.94870513 -0.30587054 -0.08001121 -3.53514299
0.00000000 0.00000000 0.00000000 1.00000000
